id, x, y, z, t 
0, 1.2479999999999998, 9.671111111111111, 20.53826261257236, 1774303541.7938921 
1, 0.08680851063829788, 1.0500236406619388, 2.184921554528975, 1774303541.7940981 
2, 0.2162162162162162, 1.3184384384384384, 2.7754408935908597, 1774303541.7942634 
3, 0.053333333333333344, 0.25709401709401714, 0.6582776478388578, 1774303541.9078848 
4, 2.94, 5.208888888888889, 12.836414132857726, 1774303542.0169594 
5, 2.336, 3.7546666666666666, 10.26913130628618, 1774303542.0171103 
6, 1.152, 1.7066666666666668, 5.13456565314309, 1774303542.017204 
7, 3.2114285714285717, 3.0882539682539685, 14.67018758040883, 1774303542.017273 
3, 0.056856368563685644, 0.2242957403933014, 0.6429866455661781, 1774303542.017906 
8, 1.9466666666666665, 3.140740740740741, 8.55760942190515, 1774303542.1310785 
6, 1.136253968253968, 1.6795767195767195, 5.018135592981115, 1774303542.1312497 
9, 2.87, 3.36, 12.836414132857726, 1774303542.1313527 
10, 5.64, 5.7955555555555565, 25.672828265715452, 1774303542.131423 
3, 0.11161828764598097, 0.21253149102652422, 0.8344836400627949, 1774303542.1316178 
11, 2.1679999999999997, 0.8106666666666666, 10.26913130628618, 1774303542.131767 
12, 4.32, 1.223111111111111, 20.53826261257236, 1774303542.1318538 
13, 0.07337278106508875, 0.09846153846153846, 0.6076409056974071, 1774303542.1322482 
14, 1.2611764705882353, 0.2593464052287582, 6.040665474285989, 1774303542.132388 
13, 0.07587651334357666, 0.0834515433410461, 0.5884572938363998, 1774303542.250634 
3, 0.10710638790219368, 0.1740084666591422, 0.7245107205667493, 1774303542.2510016 
13, 0.07605261329370767, 0.07480953429408632, 0.5780968016915385, 1774303542.3684359 
3, 0.10753095185846613, 0.1462665431563302, 0.6731106508770801, 1774303542.3688474 
13, 0.07636608751876989, 0.06868881960918538, 0.5742590183857914, 1774303542.4795036 
3, 0.10845193585426059, 0.12544268461084598, 0.6408618891132306, 1774303542.4797943 
3, 0.1238312840190186, 0.1204760010679439, 0.6877751777518597, 1774303542.592863 
15, 2.1333333333333333, -0.2528395061728395, 11.410145895873534, 1774303542.5930624 
13, 0.07696554020764179, 0.06363794663050754, 0.5696786570673742, 1774303542.5937195 
16, 0.3164179104477612, -0.0042454394693200665, 1.5327061651173404, 1774303542.593893 
3, 0.1372612703874098, 0.11815688243849483, 0.730958275034087, 1774303542.7025704 
13, 0.07767085733147759, 0.05971107255716394, 0.5658550153656713, 1774303542.7032077 
16, 0.3384604251469923, -0.011449821599075332, 1.6919483640905706, 1774303542.703458 
3, 0.1448001285572184, 0.11343390210451026, 0.7504958874987827, 1774303542.8157368 
13, 0.0786223753486199, 0.05649150380645252, 0.5636774152465068, 1774303542.8163896 
16, 0.3413931182789827, -0.01603369307533709, 1.6985781804560265, 1774303542.8168042 
3, 0.1552518935127442, 0.11172276915704824, 0.787482459485873, 1774303542.9286063 
17, 2.16, -0.6542222222222223, 20.53826261257236, 1774303542.9287772 
13, 0.07920512512097216, 0.05377596314311996, 0.561432243589204, 1774303542.9292793 
16, 0.3461024634274517, -0.01918915357274698, 1.7182898098629953, 1774303542.9296484 
13, 0.07966935371102273, 0.051471593953229, 0.5596742223182563, 1774303543.0417538 
3, 0.14872899789382057, 0.09826088576917222, 0.7479443791913427, 1774303543.0421228 
3, 0.15749164408417907, 0.09971426505256675, 0.7800038780069289, 1774303543.1563225 
13, 0.08004267591544569, 0.04961847201241798, 0.5582766360583781, 1774303543.156951 
18, 0.32369230769230767, -0.024068376068376068, 1.5798663548132585, 1774303543.157215 
13, 0.0802691880550228, 0.04810648388378608, 0.5571452290118867, 1774303543.2703857 
3, 0.1513371074788034, 0.08870683966869178, 0.7457676332604972, 1774303543.2706773 
3, 0.16115714564094014, 0.09253322199926066, 0.7859224514103439, 1774303543.381559 
19, 2.7, -0.8533333333333334, 25.672828265715452, 1774303543.3817263 
13, 0.08053103744995346, 0.04687663548606524, 0.5562297284460644, 1774303543.382292 
20, 0.3810909090909091, -0.03361616161616162, 1.8671147829611239, 1774303543.3824625 
3, 0.16749056786243224, 0.09430682740371597, 0.8107411657749142, 1774303543.4922376 
21, 1.5314285714285716, -0.507936507936508, 14.67018758040883, 1774303543.492439 
13, 0.08074391748299542, 0.0458767852950318, 0.5554880288820228, 1774303543.4930873 
20, 0.3806060606060606, -0.03447811447811448, 1.8671147829611239, 1774303543.493314 
3, 0.17192201128176632, 0.09521215027462628, 0.8280891880670715, 1774303543.601778 
22, 2.16, -0.6826666666666666, 20.53826261257236, 1774303543.6019523 
13, 0.08091725073905999, 0.045062677524039224, 0.554885530740064, 1774303543.6026163 
20, 0.3691122621522351, -0.03074075190897841, 1.7956344796778478, 1774303543.6028554 
3, 0.1789587758984432, 0.09788740457030039, 0.8577456004414767, 1774303543.7120287 
23, 1.08, -0.35555555555555557, 10.26913130628618, 1774303543.7122512 
13, 0.08105855571726735, 0.04426447555881978, 0.5543951392552472, 1774303543.7126963 
20, 0.36313355932275826, -0.030639699739988906, 1.7650376287828233, 1774303543.7128317 
24, 2.96, -1.6, 25.672828265715452, 1774303543.712887 
25, 1.5771428571428572, -0.5282539682539683, 14.67018758040883, 1774303543.8208725 
13, 0.08903131998172564, 0.043398687483318495, 0.5631053366453722, 1774303543.821145 
3, 0.16203372643243902, 0.08785881686820213, 0.8042758345222892, 1774303543.8219106 
26, 1.8666666666666665, -0.5925925925925926, 17.1152188438103, 1774303543.932449 
13, 0.08798480538978523, 0.04303220463740044, 0.5611911802272838, 1774303543.9331062 
3, 0.15530592347755867, 0.07906248467591512, 0.7663605684045093, 1774303543.9334111 
27, 3.453333333333333, -1.0192592592592593, 17.1152188438103, 1774303543.933701 
28, 2.432, -1.28, 20.53826261257236, 1774303543.933775 
29, 1.4, -0.4444444444444445, 12.836414132857726, 1774303544.0442624 
13, 0.09498522648561167, 0.04231831150809285, 0.569934947452595, 1774303544.0445492 
3, 0.14252921946675853, 0.07242799595023303, 0.7284193160346096, 1774303544.0451179 
13, 0.09274410495945876, 0.04190893521159403, 0.56733898604783, 1774303544.1657557 
3, 0.13931993700528456, 0.06612154033860204, 0.7054292629039558, 1774303544.166069 
30, 3.0, -1.6, 25.672828265715452, 1774303544.1661499 
3, 0.1498856764560831, 0.07299149052990704, 0.7479334424116871, 1774303544.272226 
31, 0.3511864406779661, -0.019284369114877593, 1.7405307298790138, 1774303544.2724435 
13, 0.09053310648293283, 0.041523279138594375, 0.5646026939881581, 1774303544.2728813 
32, 1.9733333333333332, -1.1140740740740742, 17.1152188438103, 1774303544.2729802 
3, 0.1583691966319807, 0.07838711437523975, 0.785179905939054, 1774303544.3792424 
31, 0.3460368620913217, -0.01829644036923837, 1.7133561673516287, 1774303544.3794725 
13, 0.08837488658071531, 0.04117518607526407, 0.5618786608963849, 1774303544.3799202 
33, 2.4685714285714284, -0.9142857142857144, 14.67018758040883, 1774303544.3799994 
32, 1.9555555555555555, -1.1140740740740742, 17.1152188438103, 1774303544.3800454 
3, 0.16413403885526556, 0.08244912719195405, 0.8124409135925619, 1774303544.4854398 
31, 0.340829283171627, -0.01847563159227386, 1.7127361941341468, 1774303544.4856818 
13, 0.08617739467180453, 0.04111879301032284, 0.5591556863637426, 1774303544.4861248 
34, 2.08, -0.7644444444444445, 12.836414132857726, 1774303544.4862525 
33, 2.175238095238095, -0.9210582010582011, 14.67018758040883, 1774303544.486314 
3, 0.16759728088393444, 0.08617465688738721, 0.8303916325774464, 1774303544.5916812 
13, 0.08423584426110775, 0.04107272601782055, 0.5569314726159168, 1774303544.592228 
31, 0.3314138726744311, -0.01875833285546986, 1.676722024377998, 1774303544.5923653 
35, 1.6719999999999997, -0.6115555555555555, 10.26913130628618, 1774303544.5924382 
33, 2.0084500047879565, -0.9192391080471567, 14.67018758040883, 1774303544.5924883 
3, 0.17183814453512294, 0.09093009721692716, 0.8540052506450954, 1774303544.6980598 
36, 4.031999999999999, 0.768, 20.53826261257236, 1774303544.6982555 
37, 2.38, -0.26666666666666666, 12.836414132857726, 1774303544.698344 
31, 0.324676170600638, -0.018892078527418896, 1.6484770426425317, 1774303544.698444 
13, 0.08209762986291709, 0.040351067421483415, 0.5526888787337264, 1774303544.6990278 
33, 1.9003402073213584, -0.9275242922907329, 14.67018758040883, 1774303544.6991792 
38, 0.8, -0.18101010101010104, 9.33557391480562, 1774303544.8078911 
13, 0.0870748958934524, 0.039810355725921315, 0.557924634808908, 1774303544.8081763 
3, 0.15442996232759434, 0.08155691796660888, 0.7984052679705549, 1774303544.8087144 
39, 1.1555555555555554, -0.7743209876543209, 11.410145895873534, 1774303544.8088636 
3, 0.1551590210565467, 0.08316139616984312, 0.8058228515396495, 1774303544.9152985 
40, 0.3255172413793103, -0.03432950191570881, 1.7705398803941692, 1774303544.915505 
13, 0.08337208919066343, 0.03893011022626105, 0.5516691240250137, 1774303544.9160268 
38, 0.8066666666666666, -0.31820426487093156, 8.965114632472062, 1774303544.9161894 
3, 0.1531536459915859, 0.08409030016194408, 0.8031165515476139, 1774303545.023846 
40, 0.3291102596849723, -0.03517714393831891, 1.8329927862281787, 1774303545.0242407 
13, 0.0796277800903246, 0.038293432637694455, 0.5460373259747451, 1774303545.0247357 
41, 1.17, -0.888888888888889, 12.836414132857726, 1774303545.02486 
3, 0.15148303025438328, 0.08566092636368428, 0.8062576544906216, 1774303545.1310365 
40, 0.32325224555282067, -0.03511103263565634, 1.8223677536447616, 1774303545.1312509 
13, 0.07579722330007799, 0.03758290771840941, 0.5404726058261954, 1774303545.1317747 
42, 0.8639999999999999, -0.6968888888888889, 10.26913130628618, 1774303545.1319299 
3, 0.15171684877892344, 0.08880310435667921, 0.8250823475917488, 1774303545.2391455 
43, 2.8266666666666667, 0.5214814814814815, 17.1152188438103, 1774303545.2393255 
40, 0.31910530163585116, -0.03355768769817389, 1.8345200360940623, 1774303545.2394302 
13, 0.07197297918868722, 0.03672582980076747, 0.5354384744862821, 1774303545.2401347 
42, 0.8426666666666666, -0.7016296296296296, 10.26913130628618, 1774303545.2402964 
3, 0.1495179813915652, 0.08920580854766569, 0.8340425835165257, 1774303545.34783 
40, 0.31546485062697127, -0.033270902337466164, 1.858706837801952, 1774303545.3480325 
44, 3.1199999999999997, -1.1946666666666668, 20.53826261257236, 1774303545.3481157 
13, 0.06815962071365442, 0.0356779261626742, 0.5316917452776984, 1774303545.348645 
45, 0.5257142857142858, -0.5282539682539683, 7.335093790204415, 1774303545.3488028 
3, 0.1447054918180033, 0.08989760047840616, 0.8353545388788267, 1774303545.461083 
40, 0.30905355794240386, -0.0326403359493313, 1.8834014294545005, 1774303545.461307 
13, 0.06383191945832455, 0.034686215943507626, 0.5285798376941269, 1774303545.4618266 
3, 0.1388534808462247, 0.09023152446317392, 0.8307265256439212, 1774303545.5690506 
40, 0.3038035946011331, -0.03238189777021165, 1.9176113451177397, 1774303545.5692658 
13, 0.05981500939711268, 0.03387873821069608, 0.5264107889973969, 1774303545.569866 
13, 0.06289406490200457, 0.036066957608302336, 0.5373885215909194, 1774303545.677831 
3, 0.12152417681350638, 0.07991974435914685, 0.7774634597004747, 1774303545.6785522 
3, 0.12048277337763902, 0.08319548319129402, 0.7973590138021993, 1774303545.7884374 
46, 2.0266666666666664, -0.28444444444444444, 17.1152188438103, 1774303545.78861 
47, 0.24592592592592594, -0.01580246913580247, 1.901690982645589, 1774303545.7886949 
13, 0.05850835942212504, 0.034508806582827886, 0.5355412212667529, 1774303545.7892637 
3, 0.12202311085719812, 0.08856743974253752, 0.8334857620294678, 1774303545.9118872 
47, 0.28286953620286953, -0.02975419864308753, 2.3177623688100035, 1774303545.912086 
13, 0.054605827095323474, 0.03280931193490418, 0.5335362340565187, 1774303545.9125469 
48, 1.7371428571428573, -0.2234920634920635, 14.67018758040883, 1774303546.017518 
13, 0.05907056363324828, 0.03522083167709329, 0.548785258344542, 1774303546.0177357 
3, 0.10702486998595886, 0.07798694431071848, 0.7820278418617821, 1774303546.0181334 
3, 0.10307953854292619, 0.07314410070211941, 0.7588342883104182, 1774303546.1321673 
13, 0.05618647233243951, 0.03460237984897557, 0.5504180554251304, 1774303546.1326847 
3, 0.10051948459481297, 0.07000211804882754, 0.7465311927632584, 1774303546.2381248 
13, 0.054572292792918274, 0.03543671387026409, 0.5599055289077877, 1774303546.2386281 
3, 0.10835792826039624, 0.0817212604427853, 0.8173235384860957, 1774303546.3460505 
49, 1.84, 0.62984126984127, 14.67018758040883, 1774303546.3462703 
50, 0.35777777777777775, 0.035555555555555556, 2.8525364739683834, 1774303546.3463478 
51, 2.0933333333333333, -0.23703703703703702, 17.1152188438103, 1774303546.3464015 
13, 0.053429326721732076, 0.03631930290500418, 0.5707688016736637, 1774303546.3468444 
3, 0.11277129140772985, 0.08789815566657298, 0.8689411595871858, 1774303546.4594517 
50, 0.3851851851851852, 0.040634920634920635, 3.2406366745082997, 1774303546.4596455 
52, 2.384, -0.11377777777777778, 20.53826261257236, 1774303546.4597075 
13, 0.05268950111272534, 0.03775424881202803, 0.5881304578537464, 1774303546.460032 
3, 0.12393509728828779, 0.1065764357351101, 1.0062794641196517, 1774303546.5667515 
50, 0.40994226086466873, 0.061466181573369805, 3.6566246322416482, 1774303546.566939 
13, 0.05143162232823203, 0.04000484928767503, 0.6082345234962862, 1774303546.567222 
3, 0.13429288141802495, 0.12653851815941305, 1.1437486480807375, 1774303546.672212 
53, 0.5777777777777777, 0.17382716049382715, 5.705072947936767, 1774303546.6724014 
13, 0.05028944785069605, 0.04250442873270566, 0.6289858395560666, 1774303546.6727066 
54, 0.28, 0.38320987654320987, 2.8525364739683834, 1774303546.7802448 
55, 0.72, 0.7009523809523811, 7.335093790204415, 1774303546.780419 
53, 0.5718518518518518, 0.18699588477366255, 5.705072947936767, 1774303546.7804766 
13, 0.04944899040931613, 0.04576183874511507, 0.6524691521657601, 1774303546.7807777 
54, 0.3047619047619048, 0.43325102880658434, 3.2406366745082997, 1774303546.8939872 
13, 0.04865083452433595, 0.04846007186220336, 0.6719212475134324, 1774303546.8944094 
56, 0.5741176470588235, 0.9453594771241832, 6.040665474285989, 1774303547.0040905 
57, 0.9759999999999999, 1.3653333333333333, 10.26913130628618, 1774303547.0042586 
58, 1.22, 1.2266666666666668, 12.836414132857726, 1774303547.0043185 
59, 0.6506666666666667, 0.274962962962963, 6.846087537524121, 1774303547.0043697 
13, 0.048051420371853816, 0.05116163399952021, 0.6913211437317046, 1774303547.0046666 
56, 0.586078431372549, 0.9235729847494555, 6.220447184830214, 1774303547.1108148 
57, 0.9759999999999999, 1.0571851851851852, 10.26913130628618, 1774303547.1109607 
13, 0.04808653335539431, 0.05442432898206062, 0.7127634791671982, 1774303547.1112292 
60, 1.9359999999999997, 0.967111111111111, 20.53826261257236, 1774303547.2167206 
13, 0.04813816714365076, 0.057290951203004765, 0.732586717116872, 1774303547.2171018 
61, 0.4363636363636364, 0.6787878787878789, 4.66778695740281, 1774303547.3349874 
13, 0.04813678922229443, 0.059941631486386496, 0.7500201651936069, 1774303547.3353884 
13, 0.04822961352290771, 0.06293641656507473, 0.7685439084185424, 1774303547.4422457 
13, 0.048492532646766964, 0.0654903027741316, 0.7848924449408856, 1774303547.559552 
13, 0.048359990360700066, 0.06688790256668384, 0.7925319854550394, 1774303547.671831 
62, 0.4139130434782608, 0.6430917874396136, 4.464839698385296, 1774303547.780901 
13, 0.048531833608867335, 0.06888897141922248, 0.8036950283146801, 1774303547.7812583 
63, 0.344, 0.17066666666666666, 10.26913130628618, 1774303547.8895304 
13, 0.0485554616350434, 0.07052452206147879, 0.8128190131692533, 1774303547.889931 
64, 1.19, 1.5822222222222224, 12.836414132857726, 1774303547.9970596 
65, 1.19, 0.6044444444444445, 12.836414132857726, 1774303547.9972112 
13, 0.04857481241672497, 0.07186399846004077, 0.8202913359765739, 1774303547.997499 
13, 0.0488501820948978, 0.07339900503166831, 0.8289208666479434, 1774303548.1081066 
66, 0.3966666666666666, 0.6281481481481481, 4.278804710952575, 1774303548.2135062 
67, 1.5866666666666664, 0.8059259259259259, 17.1152188438103, 1774303548.2136655 
13, 0.048961218959756025, 0.07467226591841361, 0.8360789101866334, 1774303548.2139263 
66, 0.40868686868686865, 0.6428731762065095, 4.464034352119354, 1774303548.320971 
13, 0.04909598583037636, 0.07539301973289429, 0.8406825987031353, 1774303548.3213675 
68, 0.952, 1.4080000000000001, 10.26913130628618, 1774303548.4273734 
13, 0.04902266991676773, 0.07587616975931413, 0.8432575653529183, 1774303548.4277282 
13, 0.04921754348125865, 0.07670491496539514, 0.8478468634053562, 1774303548.536809 
69, 0.4, 0.6281481481481481, 4.278804710952575, 1774303548.6401067 
13, 0.04896587590633108, 0.0761421116408626, 0.8444885089914944, 1774303548.6404772 
13, 0.049211072182477986, 0.07660364898275718, 0.8476015223207869, 1774303548.7623942 
13, 0.04942354525995979, 0.07700359086175358, 0.850299081731927, 1774303548.869911 
70, 0.9759999999999999, 1.6071111111111112, 10.26913130628618, 1774303548.9816828 
71, 2.44, 3.5911111111111116, 25.672828265715452, 1774303548.981846 
72, 0.9759999999999999, 1.265777777777778, 10.26913130628618, 1774303548.9819112 
73, 1.6266666666666665, 1.8014814814814815, 17.1152188438103, 1774303548.9819715 
13, 0.049639640292106324, 0.07721542872537211, 0.85124853116224, 1774303548.9823434 
13, 0.049861478324921805, 0.07727839662838992, 0.8508011692058433, 1774303549.092434 
74, 0.37999999999999995, 0.047407407407407405, 8.55760942190515, 1774303549.0926652 
13, 0.050013169528584124, 0.07670724825601459, 0.8480274418594929, 1774303549.200451 
75, 0.37037037037037035, 0.5530864197530865, 3.803381965291178, 1774303549.3295326 
76, 1.4285714285714286, 1.5034920634920637, 14.67018758040883, 1774303549.329822 
77, 0.625, 0.3466666666666667, 6.418207066428863, 1774303549.3298972 
78, 0.88, 0.17382716049382715, 11.410145895873534, 1774303549.3299766 
13, 0.05058784163212488, 0.07676432990127656, 0.8493659983778911, 1774303549.3303454 
75, 0.34367548500881834, 0.5082375073486185, 3.3894084180486006, 1774303549.4420204 
13, 0.051130028884924995, 0.07691266568387237, 0.84924215288732, 1774303549.4424586 
75, 0.35250795112914435, 0.5232333437143853, 3.5299788827541625, 1774303549.555053 
13, 0.05176901003756705, 0.07757753556393529, 0.8504199335252763, 1774303549.555477 
75, 0.33781659412419546, 0.5004328852406807, 3.3665394432609728, 1774303549.667812 
79, 0.8466666666666666, 0.9007407407407407, 8.55760942190515, 1774303549.667986 
80, 1.68, 0.8533333333333334, 17.1152188438103, 1774303549.668072 
13, 0.051972773616992145, 0.07724004028470385, 0.846420139350962, 1774303549.6684222 
75, 0.33137315029400205, 0.4938321596626549, 3.305916066741343, 1774303549.777075 
81, 1.1288888888888888, 1.1535802469135803, 11.410145895873534, 1774303549.7772443 
13, 0.052741884259299376, 0.07851563836336602, 0.850686741355157, 1774303549.7775204 
82, 1.4742857142857144, 1.6253968253968256, 14.67018758040883, 1774303549.891481 
13, 0.05378071762717223, 0.0793737352038096, 0.8567978776329516, 1774303549.8919055 
83, 1.29, 1.777777777777778, 12.836414132857726, 1774303550.0014298 
13, 0.05467277248099502, 0.07995722566980706, 0.8605108178248956, 1774303550.0020123 
84, 1.4742857142857144, 2.031746031746032, 14.67018758040883, 1774303550.1148126 
13, 0.055400839588369936, 0.08043345223136782, 0.8635412027993388, 1774303550.1151876 
85, 0.2260869565217391, 0.30299516908212565, 2.232419849192648, 1774303550.223754 
13, 0.056002217827887835, 0.08082681197568545, 0.8660442791813532, 1774303550.2241018 
86, 1.4857142857142858, 0.6907936507936508, 14.67018758040883, 1774303550.3344123 
13, 0.056352111851033726, 0.0803706409275074, 0.8642432429115751, 1774303550.3347774 
87, 0.22782608695652176, 0.28753623188405797, 2.232419849192648, 1774303550.443934 
13, 0.05675679223351295, 0.08020222767295923, 0.8627601841924994, 1774303550.4442754 
87, 0.24451563691838293, 0.3039715230104246, 2.456221337833515, 1774303550.5554032 
13, 0.05717514968292116, 0.08018002357491971, 0.8627936173905651, 1774303550.555763 
13, 0.0576089482873532, 0.0804903902707783, 0.8640974817213077, 1774303550.6636872 
88, 0.8, 1.0830769230769233, 7.899331774066293, 1774303550.776616 
89, 2.08, 2.0764444444444443, 20.53826261257236, 1774303550.776779 
13, 0.05802302370620783, 0.08120168248727298, 0.8677640668332772, 1774303550.777085 
90, 1.1377777777777778, 1.1851851851851851, 11.410145895873534, 1774303550.8927248 
13, 0.05807231393076688, 0.08112332679866367, 0.8682011691907661, 1774303550.8930762 
91, 0.3531034482758621, 0.4855172413793104, 3.5410797607883384, 1774303551.0040174 
13, 0.05847568937401644, 0.08200114096227748, 0.8739723356554606, 1774303551.0043845 
13, 0.058870604501092126, 0.08321622194797043, 0.8815429461907136, 1774303551.1137035 
92, 1.6666666666666665, 0.877037037037037, 17.1152188438103, 1774303551.2209265 
13, 0.05919342768776608, 0.0842094893337324, 0.8877315382463159, 1774303551.2212524 
93, 1.111111111111111, 1.580246913580247, 11.410145895873534, 1774303551.3315156 
13, 0.05942703769588082, 0.0851598400389379, 0.8942199464148024, 1774303551.3318624 
13, 0.059685822198994425, 0.08645868607549044, 0.9025374443935189, 1774303551.4402118 
13, 0.059677277239660945, 0.08738115622628635, 0.9078967628266926, 1774303551.549625 
94, 0.9839999999999999, 1.664, 10.26913130628618, 1774303551.6603117 
95, 1.6266666666666665, 1.9911111111111113, 17.1152188438103, 1774303551.6604972 
13, 0.05976467611869821, 0.08806386639722942, 0.9138059020323857, 1774303551.6607587 
94, 0.9786666666666666, 1.5928888888888888, 10.26913130628618, 1774303551.7736452 
13, 0.05993387966193951, 0.08900587873014139, 0.9202268188514225, 1774303551.774143 
13, 0.05972084631138612, 0.08941322220947674, 0.9240555121604398, 1774303551.8887537 
96, 1.3485714285714285, 2.092698412698413, 14.67018758040883, 1774303551.9973648 
13, 0.05980371728522124, 0.09060540307193392, 0.9335767729890206, 1774303551.9976711 
13, 0.06000467714789331, 0.09181578523185395, 0.9413508490135575, 1774303552.107284 
13, 0.060345496424471914, 0.09355301581654211, 0.9527503731238031, 1774303552.218885 
13, 0.060490620688799325, 0.09499093925684768, 0.9621858752793174, 1774303552.3320925 
13, 0.060652846161041704, 0.0969788075813881, 0.9753779470199148, 1774303552.4444633 
13, 0.060753435690365926, 0.0990665901030568, 0.9881341390057999, 1774303552.5536234 
13, 0.061058599358917394, 0.10142988386657577, 1.0023857165945214, 1774303552.6635551 
13, 0.06142433990911414, 0.1035811416458972, 1.0160751846069815, 1774303552.7703135 
13, 0.06180921529955979, 0.10602548772633542, 1.0312752284546107, 1774303552.883827 
13, 0.06210016456692042, 0.10856259062262082, 1.0460811079704402, 1774303552.9997516 
13, 0.062190026217551785, 0.1106861150784967, 1.0584734501527966, 1774303553.1069586 
13, 0.06238299149266774, 0.11264224962943428, 1.0706794091595975, 1774303553.2175505 
13, 0.062819705598341, 0.1144925240550374, 1.0829370400842295, 1774303553.3280997 
13, 0.06348982250014917, 0.11601963528119355, 1.0930537911629148, 1774303553.4426713 
13, 0.0642053405491784, 0.117571821990719, 1.1014942904408753, 1774303553.549469 
13, 0.06478725116269977, 0.11883417158716196, 1.1083587100315881, 1774303553.6584828 
13, 0.0654203349795169, 0.11987373385469159, 1.1140116540457534, 1774303553.7665198 
13, 0.06594129629547216, 0.1207291841324012, 1.1186634317004833, 1774303553.8769653 
13, 0.06652736247159809, 0.1214393534772515, 1.1225251989773537, 1774303553.9872172 
13, 0.06730323713570996, 0.12227042170773887, 1.1279429398110545, 1774303554.0951433 
13, 0.06809641346349879, 0.12295425145980865, 1.1324008317568401, 1774303554.2018523 
13, 0.06905620354916209, 0.12378995048651084, 1.1360669563829044, 1774303554.316326 
13, 0.06972230655250496, 0.1242469980275237, 1.1369268321735837, 1774303554.424369 
13, 0.07041078713719452, 0.12486770138716327, 1.1398476097627368, 1774303554.5307508 
13, 0.07097554417222911, 0.1251031390088156, 1.1422435083950697, 1774303554.6371262 
13, 0.07159389325605033, 0.1252971068778778, 1.1442173957837598, 1774303554.749013 
13, 0.07212265123386313, 0.12521836367390257, 1.1436662619702846, 1774303554.8699992 
13, 0.07258494424063419, 0.12462978260170643, 1.1409680742285164, 1774303554.9775605 
13, 0.07280583863811851, 0.12415250919501061, 1.1387801458083693, 1774303555.0866225 
13, 0.07298697743130496, 0.12348900576219908, 1.1369859911438902, 1774303555.2054522 
13, 0.07298342818398591, 0.1229289542958669, 1.1354715770489843, 1774303555.3195581 
13, 0.07312507564834914, 0.12270606615035885, 1.136460000379379, 1774303555.447637 
13, 0.07341082020293824, 0.12251569462608934, 1.1373042249818222, 1774303555.55262 
13, 0.07347660310918201, 0.12236570619205273, 1.1379693660872554, 1774303555.6657524 
13, 0.07293286423863692, 0.12177011615695281, 1.1340797696636402, 1774303555.780629 
13, 0.07278143704481425, 0.1217942465502933, 1.1330754903067952, 1774303555.9138854 
97, 0.24, 0.3630409356725147, 2.702402975338469, 1774303556.020881 
13, 0.07313705092417379, 0.12207059424115682, 1.1345730553042122, 1774303556.021234 
13, 0.073119976337869, 0.12123437543662362, 1.1312222597937909, 1774303556.1285162 
13, 0.07309270516092355, 0.12079655972135735, 1.1307325712471321, 1774303556.2354593 
98, 0.9955555555555554, 0.8059259259259259, 11.410145895873534, 1774303556.34776 
13, 0.07322481409697923, 0.1204428026112218, 1.130336900650824, 1774303556.3481095 
99, 0.48, 0.793450292397661, 5.404805950676938, 1774303556.4568102 
13, 0.07333409265110293, 0.12015017997220294, 1.1300096077971777, 1774303556.4571323 
13, 0.07356675992227422, 0.12014120299936328, 1.1319310763629045, 1774303556.5644624 
100, 0.22599999999999998, 0.33066666666666666, 2.567282826571545, 1774303556.6763618 
13, 0.073449502474341, 0.11986051267383854, 1.1335023333225762, 1774303556.676673 
13, 0.07336552024818296, 0.11912816278456731, 1.1326274067913051, 1774303556.7851741 
13, 0.07359079218055051, 0.11902261298639036, 1.134079508452383, 1774303556.8909984 
101, 0.21395348837209302, 0.3142118863049096, 2.3881700712293443, 1774303557.0012002 
13, 0.07349702963000299, 0.11849486574168835, 1.1310181981159977, 1774303557.0015063 
101, 0.212938689217759, 0.30859916999451886, 2.3623240747874683, 1774303557.111345 
13, 0.07370847350152068, 0.11827472764385659, 1.1305805500940396, 1774303557.113029 
13, 0.07448673606992685, 0.11882432959314965, 1.1346079115550007, 1774303557.2206154 
102, 0.23219512195121952, 0.3226016260162602, 2.504666172264922, 1774303557.3274908 
13, 0.0751262672261344, 0.11927596068059246, 1.1379173642206595, 1774303557.327782 
13, 0.0758085134648836, 0.11968738782989843, 1.1384476410440383, 1774303557.434413 
103, 0.5647058823529412, 0.8867973856209151, 6.040665474285989, 1774303557.5451212 
104, 0.56, 0.7027450980392158, 6.040665474285989, 1774303557.5452793 
13, 0.07683579261240928, 0.12101986177728052, 1.1455872036263286, 1774303557.5454822 
105, 0.7384615384615384, 1.1377777777777778, 7.899331774066293, 1774303557.6656916 
106, 0.68, 0.8431746031746032, 7.335093790204415, 1774303557.6658702 
13, 0.07769874407389218, 0.1223890619372153, 1.1539163584042493, 1774303557.666587 
107, 0.8654545454545456, 1.1765656565656568, 9.33557391480562, 1774303557.7779584 
13, 0.07877519205554952, 0.12383014524677792, 1.1635375031410033, 1774303557.7782946 
107, 0.8391919191919193, 1.1991919191919194, 8.965114632472062, 1774303557.8863394 
13, 0.07966567513737363, 0.1255859596631184, 1.1739696773096264, 1774303557.8866267 
108, 0.26285714285714284, 0.3941587301587302, 2.9340375160817658, 1774303557.993584 
13, 0.08006148279283186, 0.12729763094523847, 1.1850414532514966, 1774303557.993888 
108, 0.2582010582010582, 0.38919223985890655, 2.895227496027774, 1774303558.1063685 
13, 0.08039297189838183, 0.12927443695716706, 1.1993748179516976, 1774303558.1066558 
109, 0.5813333333333334, 0.7964444444444446, 6.846087537524121, 1774303558.2123065 
13, 0.08049888603398764, 0.1315335638092884, 1.2140776357972978, 1774303558.212608 
110, 0.951111111111111, 1.6592592592592592, 11.410145895873534, 1774303558.3407834 
111, 1.07, 1.5822222222222224, 12.836414132857726, 1774303558.3409364 
13, 0.080238457079598, 0.1333751480781657, 1.2288625381942724, 1774303558.3411138 
110, 0.9362962962962962, 1.5697119341563786, 11.410145895873534, 1774303558.4491103 
13, 0.07981293470479733, 0.13668020291383615, 1.251074216652489, 1774303558.4494019 
13, 0.07927624067901631, 0.1393563389440661, 1.2721190797507826, 1774303558.5657744 
13, 0.07901274200575145, 0.1423186148836322, 1.296280770922945, 1774303558.6748953 
13, 0.07860533886524276, 0.14471678853725528, 1.315841383228544, 1774303558.7871916 
13, 0.07865550120399607, 0.1470710663497114, 1.335376804789522, 1774303558.8990533 
13, 0.07889291308618132, 0.14935406019223932, 1.351426433138751, 1774303559.0105505 
13, 0.07928649912074567, 0.15162684189692502, 1.36815235450173, 1774303559.1279166 
13, 0.07961527252441775, 0.15388323070995225, 1.3821239836072812, 1774303559.2386014 
13, 0.08008855987550179, 0.15649770010216685, 1.3971700420890243, 1774303559.3482425 
13, 0.08027107387038987, 0.1578617110724732, 1.4058169453805203, 1774303559.4533763 
13, 0.0806250123347707, 0.1597899279451596, 1.420069941682775, 1774303559.5611155 
13, 0.08051753808937143, 0.16096150249265692, 1.428143044131749, 1774303559.666856 
13, 0.08062695828088176, 0.16233482634537352, 1.438394436399803, 1774303559.782475 
13, 0.08051790296856927, 0.16349727104601336, 1.4470716880128196, 1774303559.89467 
13, 0.08063296641857753, 0.1648960607826548, 1.4580954483761561, 1774303560.001647 
13, 0.08072694064153783, 0.16603847549885065, 1.4670987358160041, 1774303560.1158664 
13, 0.08059976494676237, 0.16699452161885067, 1.4746332658794596, 1774303560.2271059 
13, 0.08009490843283756, 0.16657056628586187, 1.4733009971043567, 1774303560.3370907 
13, 0.08007835548118052, 0.16663788066213717, 1.4759134630274016, 1774303560.4443288 
13, 0.08006481499890389, 0.16669294450439337, 1.4780504866387911, 1774303560.568383 
13, 0.07984786905552986, 0.16631183587437318, 1.4760687494727507, 1774303560.683807 
13, 0.07987526240552538, 0.16642792077473298, 1.4782675414848683, 1774303560.788122 
13, 0.07989714137778121, 0.1665206373761968, 1.4800237089283295, 1774303560.8987694 
13, 0.0801180464944942, 0.16659691931764903, 1.4814685835245442, 1774303561.0082998 
13, 0.080299488459665, 0.16665957402465667, 1.4826553413962653, 1774303561.1155922 
13, 0.08065414349488167, 0.16749613599371163, 1.4874068139925551, 1774303561.2282915 
13, 0.08074211721813103, 0.16740218377669674, 1.487558826869864, 1774303561.3380237 
13, 0.08081460822880147, 0.16732476644212702, 1.4876840866258916, 1774303561.4471138 
13, 0.08087431381402135, 0.16726100340138722, 1.4877872539975279, 1774303561.557688 
13, 0.08112485298767749, 0.16720819400673478, 1.487872698580797, 1774303561.676892 
13, 0.08155209096322251, 0.16797133555438987, 1.4918338005198672, 1774303561.7872827 
13, 0.08190096408962437, 0.16859450014381558, 1.4950683491709251, 1774303561.9000702 
13, 0.08239654802556438, 0.16910843262762443, 1.4977359263254146, 1774303562.0080822 
13, 0.08279999355154122, 0.16952681536001377, 1.4999075505249269, 1774303562.123163 
13, 0.08291975547300984, 0.1690729776258409, 1.4978544517001924, 1774303562.2459867 
13, 0.08303044087761145, 0.16951420602638956, 1.5000897267541586, 1774303562.358143 
13, 0.0829024587051539, 0.16905420342027855, 1.497965715061518, 1774303562.477868 
13, 0.08279609984323573, 0.1686719208513404, 1.4962005671351137, 1774303562.5885682 
13, 0.08271035630843665, 0.16836373535403742, 1.4947775543280606, 1774303562.706052 
13, 0.08263947506700436, 0.16810896896621066, 1.4936011984130133, 1774303562.827999 
13, 0.08258044284206888, 0.16789679115430597, 1.4926214905865411, 1774303562.943545 
13, 0.08253253941119588, 0.16772461324374158, 1.4918264779270587, 1774303563.0630205 
13, 0.0824870499206734, 0.16714348616445038, 1.4872544533552303, 1774303563.1730542 
13, 0.08288809214035381, 0.16793149365376733, 1.49139566077668, 1774303563.2850614 
13, 0.08257527793039295, 0.1676934070493942, 1.4870263686289011, 1774303563.3971024 
13, 0.08273622455018077, 0.16756206547613373, 1.4872497964940325, 1774303563.5070758 
13, 0.08286729066795762, 0.16745510808782296, 1.4874317439181197, 1774303563.6205602 
13, 0.08297551498577013, 0.167366790904242, 1.487581982104644, 1774303563.7307067 
13, 0.08306397768295477, 0.16729460032429436, 1.4877047869923876, 1774303563.845175 
13, 0.08272367753197502, 0.16717212374233226, 1.4840405407212969, 1774303563.9568586 
13, 0.08244734549438659, 0.16749815422338135, 1.4847894396921812, 1774303564.0732045 
13, 0.08180359263616671, 0.1677693724281432, 1.4854124336950048, 1774303564.1889875 
13, 0.08126880602124797, 0.16881476813874874, 1.4898546458367201, 1774303564.3010583 
13, 0.08104245352194185, 0.1696675112933007, 1.493478217233164, 1774303564.4174614 
13, 0.08085513803232176, 0.16999737315687913, 1.4964768633818875, 1774303564.5285652 
13, 0.08070282278277847, 0.17072153665131753, 1.5029299445524582, 1774303564.640138 
13, 0.08079310528164396, 0.17216338118104374, 1.5123249978369595, 1774303564.7520924 
13, 0.08130587705919616, 0.17383361224869193, 1.524270801119834, 1774303564.8668766 
13, 0.08151830808574105, 0.17611657561080743, 1.5385525532977287, 1774303564.9774997 
13, 0.08169176337600892, 0.17798067276783447, 1.550213964108767, 1774303565.0879185 
13, 0.08206402154751515, 0.18002831673770955, 1.5642423509210266, 1774303565.2046793 
13, 0.08261561445696308, 0.18269143374544056, 1.5806389551740925, 1774303565.3170583 
13, 0.08329694994957863, 0.18487445150633466, 1.594079625711243, 1774303565.430033 
13, 0.08410877359963713, 0.18723682611120598, 1.6099514579424337, 1774303565.5438077 
13, 0.08477770454214256, 0.18918338860772058, 1.6230296180735573, 1774303565.6600714 
13, 0.08607257986589312, 0.19181327701411405, 1.63889527361935, 1774303565.775374 
13, 0.08686703085847762, 0.19337670434825585, 1.6469074928797736, 1774303565.89003 
13, 0.087789920681238, 0.19568628334378713, 1.658524933522068, 1774303566.0055711 
13, 0.0885486791107574, 0.1975851151309432, 1.6680762697697868, 1774303566.1201665 
13, 0.08920679337967435, 0.19976983110601815, 1.6811233527541836, 1774303566.2330565 
13, 0.089986712994304, 0.20155233358272032, 1.6917684242411664, 1774303566.3466606 
13, 0.09066774528132031, 0.20409889456993668, 1.7058620663895976, 1774303566.4641352 
13, 0.09123200401947894, 0.20620880817709625, 1.7175391349902274, 1774303566.57248 
13, 0.09144173353697656, 0.20790835213742268, 1.726945061065672, 1774303566.6820319 
13, 0.09161273709943002, 0.20929408017050877, 1.7346142098162436, 1774303566.7927866 
13, 0.09203763295910496, 0.2106590830019888, 1.7463642956538081, 1774303566.928895 
13, 0.09267579328884866, 0.2118631643620025, 1.7567291527876445, 1774303567.047205 
13, 0.09319174423821888, 0.21283666097697945, 1.765109112539197, 1774303567.1599138 
13, 0.09391708730530168, 0.21479277372997618, 1.7777144722337455, 1774303567.2698777 
13, 0.09419131019173285, 0.21520428574613967, 1.7820197385876086, 1774303567.384846 
13, 0.09498082612945506, 0.21669815692757582, 1.7913483398994652, 1774303567.4986086 
13, 0.09562608037111131, 0.21791906542385103, 1.7989724033003403, 1774303567.6042826 
13, 0.09608643361763587, 0.2182094005142112, 1.7994345221216055, 1774303567.7213676 
13, 0.09678389516809859, 0.2191508574747238, 1.8055542803756646, 1774303567.833646 
13, 0.09710146072622353, 0.21992209761449608, 1.8105675772221432, 1774303567.943156 
13, 0.09761168390159226, 0.22055051046454427, 1.8146524529916583, 1774303568.052331 
13, 0.09834685878316285, 0.2217747909223737, 1.8238213597609, 1774303568.1682727 
13, 0.09863950049036248, 0.22207878526441943, 1.8255830942887572, 1774303568.2784257 
13, 0.09881707773470741, 0.22119887536861343, 1.8213651808279758, 1774303568.3968344 
13, 0.09865852384891993, 0.22023016293378878, 1.8122701971887776, 1774303568.5101655 
13, 0.09915333683816983, 0.22126649844519652, 1.8161113180664594, 1774303568.6208591 
13, 0.09924119913485228, 0.2209660518636714, 1.8135399999306838, 1774303568.7290666 
13, 0.09962432204648533, 0.22185331897621924, 1.8170839313350309, 1774303568.8371258 
13, 0.09962862940130388, 0.22145695568309123, 1.814395052408637, 1774303568.9458182 
13, 0.09963217378788519, 0.22113080081620087, 1.8121824586505184, 1774303569.0533245 
13, 0.09987639111242255, 0.2208626522459731, 1.8103633723422532, 1774303569.1627347 
13, 0.10007879394956408, 0.22064041563154632, 1.8088557469905477, 1774303569.2725704 
13, 0.1002466531863108, 0.22045610760008938, 1.8076054243942279, 1774303569.3830462 
13, 0.1000848039940681, 0.2196487414455028, 1.8011983168419492, 1774303569.4911973 
13, 0.1004930305249877, 0.2196353840629672, 1.8012678082336144, 1774303569.6011956 
13, 0.10114724257251691, 0.22073871282020877, 1.8068748090266535, 1774303569.711704 
13, 0.10193715259997363, 0.22165418917540594, 1.811527163654328, 1774303569.8203466 
13, 0.10234213338334577, 0.22240904539898332, 1.815363263653036, 1774303569.9332843 
13, 0.10236197439142868, 0.2219151571320201, 1.812968342750487, 1774303570.04191 
13, 0.10237828068779489, 0.22150925595909332, 1.8110000813674245, 1774303570.1606598 
13, 0.10239208310801816, 0.22116568201489215, 1.8093340518713243, 1774303570.2727985 
13, 0.10215506231803972, 0.2208835238281182, 1.8079658344332281, 1774303570.3876288 
13, 0.10189425295235012, 0.22041259988906078, 1.8013048601351358, 1774303570.5022838 
13, 0.1014327999501867, 0.21958624831759796, 1.7958106275318526, 1774303570.6185567 
13, 0.10080334604602094, 0.21802149182523278, 1.7912681273001956, 1774303570.7290056 
13, 0.09999721849482628, 0.2156869578627732, 1.782243552373728, 1774303570.844471 
13, 0.09962759680318571, 0.21438859588436324, 1.7801498709735113, 1774303570.963373 
13, 0.09951080310740627, 0.21092139166570043, 1.7729707616006096, 1774303571.0772219 
13, 0.09930333165151826, 0.20694044652139681, 1.7568249460243195, 1774303571.1916077 
13, 0.10134970232842667, 0.20382302122033696, 1.748666526264855, 1774303571.3301878 
13, 0.10440168189387858, 0.2037657681682656, 1.7528672805280154, 1774303571.4422324 
13, 0.1074465473003972, 0.20438776759331972, 1.7619709585287104, 1774303571.5615568 
13, 0.10965892312846691, 0.20535899687115514, 1.7693689465215114, 1774303571.6724772 
13, 0.11090737110292732, 0.2061322337840862, 1.7752587992349753, 1774303571.7821393 
13, 0.11177032702372246, 0.2078809366957116, 1.7857635754376417, 1774303571.9048314 
13, 0.11144553788773275, 0.20981312308990513, 1.7945716005503807, 1774303572.033075 
13, 0.11117256278676295, 0.21143706526531142, 1.8019744699141227, 1774303572.1465013 
13, 0.11132588176150514, 0.21346543431183032, 1.8140445652047126, 1774303572.259143 
13, 0.11171452892934994, 0.2150937387244127, 1.8237340196241079, 1774303572.4011586 
13, 0.11205478672434296, 0.21702496853017908, 1.8322170671494804, 1774303572.5181506 
13, 0.11232261319539955, 0.21854509377429965, 1.838894312214718, 1774303572.6332011 
13, 0.11305529298774769, 0.22134421256986248, 1.857414490508631, 1774303572.7458646 
13, 0.11363935503586485, 0.22357555438348087, 1.8721780111882047, 1774303572.8681338 
13, 0.1141214554993614, 0.2254173637015704, 1.8843642167213461, 1774303572.9833374 
13, 0.11478813023433675, 0.22739562526086546, 1.8941783798191258, 1774303573.094144 
13, 0.11559572110857859, 0.22898048068722637, 1.902040853599514, 1774303573.2035317 
13, 0.11693011264730865, 0.2315557855336926, 1.915024482337624, 1774303573.3387115 
13, 0.11780151793290743, 0.23379899600503612, 1.9263338277074853, 1774303573.4475067 
13, 0.11848690362897986, 0.2355633465268284, 1.9352289579947888, 1774303573.554702 
13, 0.11945917319552042, 0.23782258132930637, 1.9492416304671392, 1774303573.6787705 
13, 0.12056723539532513, 0.23972767306646525, 1.961057766848054, 1774303573.7894711 
13, 0.12191002071070413, 0.24266739237893398, 1.9778170991621866, 1774303573.9193685 
13, 0.1230539346226528, 0.24517172853769514, 1.9920943132257736, 1774303574.030182 
13, 0.124141033982454, 0.24811670929786891, 2.011108969812296, 1774303574.1425505 
13, 0.12531377778601863, 0.2504921639937962, 2.026446406270534, 1774303574.2648685 
13, 0.12551409064809196, 0.251507877334982, 2.031495591460217, 1774303574.384514 
13, 0.1267609157878504, 0.25330779763126227, 2.0433965255028004, 1774303574.4991944 
13, 0.12728180541934545, 0.2543236117821406, 2.0453100795955144, 1774303574.605371 
13, 0.12769561249390787, 0.2551305986305207, 2.046830252340843, 1774303574.7131474 
13, 0.12859314947666312, 0.255783627806356, 2.048060405170473, 1774303574.844597 
13, 0.13017870253340813, 0.25679264187978323, 2.0569028413446717, 1774303574.958679 
13, 0.13124596120794016, 0.2571688130165666, 2.0563387906660986, 1774303575.0880356 
13, 0.1326714750774249, 0.2579366443305106, 2.063798535482138, 1774303575.220618 
13, 0.1333201510352204, 0.2581135599679448, 2.0618550996705673, 1774303575.3527749 
13, 0.1344017062064598, 0.25873031903708416, 2.0685731835357566, 1774303575.475428 
13, 0.13557744114654927, 0.2586503916712458, 2.073891168537016, 1774303575.6078408 
13, 0.13566150461778892, 0.2575572540076855, 2.0698994742623236, 1774303575.7269945 
13, 0.13459824166328668, 0.2551927330524616, 2.058938055695182, 1774303575.8404155 
13, 0.13346940571466498, 0.2528146731124818, 2.050357978284313, 1774303575.9532163 
13, 0.13228243508407247, 0.2509260069844787, 2.0435436413918247, 1774303576.0791607 
13, 0.13054442018985657, 0.24847587475791924, 2.030570955439494, 1774303576.194783 
13, 0.12989516218512365, 0.24738406082874084, 2.027401442811145, 1774303576.3027408 
13, 0.12966550896898235, 0.24652000539692026, 2.024893108259295, 1774303576.4119048 
13, 0.1297600797509046, 0.24582385124482586, 2.02287218755351, 1774303576.5257716 
13, 0.13001696500066423, 0.24662438924143457, 2.028394469054486, 1774303576.6394126 
13, 0.12948921665038005, 0.24590898185971713, 2.0257470561588704, 1774303576.753233 
13, 0.1287754316435819, 0.2453209283546995, 2.0235709248073066, 1774303576.863538 
13, 0.12819411239627138, 0.24484200708616713, 2.0217986446006733, 1774303576.9747438 
13, 0.12729189985787792, 0.24314443422007628, 2.013518113678688, 1774303577.0868044 
13, 0.12654894634598912, 0.24174651779919046, 2.0066992663816343, 1774303577.2000542 
13, 0.12608447926736158, 0.24091397714239174, 2.0079112489501014, 1774303577.314242 
13, 0.12527728205970193, 0.23941618565448203, 2.002037819198538, 1774303577.4461992 
13, 0.12486612437600075, 0.2381198388689527, 1.9969543333863053, 1774303577.5565207 
13, 0.1245394393633762, 0.2370898275550835, 1.9929152537519503, 1774303577.6664882 
13, 0.12455307647234826, 0.23626181832361803, 1.989668303763307, 1774303577.7764163 
13, 0.12499786710003398, 0.23639942599521574, 1.9939084160690672, 1774303577.8894944 
13, 0.12492996023560292, 0.23570331884134987, 1.9905217105843227, 1774303578.0051239 
13, 0.12487373050071167, 0.23512691289114557, 1.9877173762485023, 1774303578.1231077 
13, 0.125268509812019, 0.23547201375638202, 1.9923854711942208, 1774303578.2326217 
13, 0.12586663797656455, 0.23575069815584193, 1.996155166861828, 1774303578.3429136 
13, 0.12618915872596528, 0.23517265872997986, 1.9923884069748121, 1774303578.4529717 
13, 0.12771909011077404, 0.2355000357168575, 1.9961051994184882, 1774303578.565161 
13, 0.12925794447780178, 0.23577030043725533, 1.9991735820807748, 1774303578.691515 
13, 0.13037808115565944, 0.23566853288057796, 1.9947233933187316, 1774303578.808443 
13, 0.1310124048775766, 0.23558533767852724, 1.9910853541900555, 1774303578.9177778 
13, 0.13096875561539906, 0.23551862501540605, 1.9881680792411338, 1774303579.0257657 
13, 0.13093351877403042, 0.23546476972873204, 1.9858130439100494, 1774303579.1360073 
13, 0.13036422984403262, 0.2354206672854783, 1.983884490216179, 1774303579.2451906 
13, 0.1301664280254298, 0.2353845448055616, 1.9823048919686532, 1774303579.3571312 
13, 0.12946427449902892, 0.2348760451280311, 1.9809973909325078, 1774303579.481372 
13, 0.12886443401539452, 0.234441640569727, 1.979880410066665, 1774303579.6044383 
13, 0.1286478716035828, 0.23407895460470762, 1.9789478386295283, 1774303579.7241426 
13, 0.12847061415798863, 0.23378209428082058, 1.9781845241217242, 1774303579.8355184 
13, 0.12804862111755877, 0.23354467223078967, 1.9775740427583401, 1774303579.9698691 
13, 0.12768646646938664, 0.23334091650318414, 1.977050127332752, 1774303580.0886328 
13, 0.1278645613510812, 0.2340404605886676, 1.983959230573964, 1774303580.209042 
13, 0.12771242852846248, 0.23460624963446247, 1.9895472914428396, 1774303580.3204577 
13, 0.12759192075811232, 0.2355685820804065, 1.9939737179318624, 1774303580.4294322 
13, 0.1272129208018831, 0.23633626139440353, 1.9975048012543393, 1774303580.5424614 
13, 0.12605947987994423, 0.23746270103692524, 2.0003846068128563, 1774303580.6513057 
13, 0.12570953817739725, 0.240126268434215, 2.017256085632201, 1774303580.7881002 
13, 0.1250932427642266, 0.24246830738917377, 2.0320909498308217, 1774303580.9024546 
13, 0.12429845962836222, 0.24487503920604448, 2.043919110498002, 1774303581.0338902 
13, 0.12362981482532494, 0.24689980376009477, 2.0538700490656643, 1774303581.1502998 
13, 0.12406916993555579, 0.2511307030659779, 2.07860684124101, 1774303581.2625408 
13, 0.1241035526888948, 0.25448933279323527, 2.098243736272186, 1774303581.3739648 
13, 0.12413111905403816, 0.25718211345946346, 2.113987612667838, 1774303581.4928098 
13, 0.12415384924027499, 0.25940247895632756, 2.12696942005164, 1774303581.6160698 
13, 0.12417272872759437, 0.2612466944768552, 2.1377519919730292, 1774303581.729044 
13, 0.12387596517931171, 0.2632795066369423, 2.146395329356441, 1774303581.8498404 
13, 0.12363123342457415, 0.26495590419273674, 2.1535232233881443, 1774303581.9818056 
13, 0.12360189918476239, 0.2675072837189571, 2.168652555192482, 1774303582.0968652 
13, 0.12357865921639251, 0.27010976205845666, 2.180638725444262, 1774303582.2122068 
13, 0.1235600265734411, 0.2721962988779942, 2.1902486365724347, 1774303582.3413563 
13, 0.12354443438145657, 0.2739423572744281, 2.1982904146312796, 1774303582.4598455 
13, 0.12405012590981242, 0.2765224912792836, 2.214104208084195, 1774303582.575143 
13, 0.12445446117184719, 0.27858548640662917, 2.2267484268638476, 1774303582.6900377 
13, 0.12445261634747683, 0.28024663819191425, 2.2369297241053885, 1774303582.8018472 
13, 0.12496433677263104, 0.2833544189520638, 2.2545241858274983, 1774303582.9107432 
13, 0.12537598493044397, 0.28585444076459254, 2.2686778670166627, 1774303583.042943 
13, 0.12573160911601505, 0.2880142177588929, 2.280905278339166, 1774303583.1629953 
13, 0.12602052863388147, 0.2897688839295589, 2.290839185894916, 1774303583.29359 
13, 0.12626177998879687, 0.2912340517874574, 2.2991341210212344, 1774303583.4049907 
13, 0.12645074706680925, 0.2923816867468624, 2.3056313680674623, 1774303583.5291638 
13, 0.12660617273819755, 0.29332561801759144, 2.3109753623492035, 1774303583.6481235 
13, 0.12673149113945503, 0.2940867017992352, 2.315284179636175, 1774303583.7817361 
13, 0.12683679713907833, 0.2947262462525546, 2.3189049113646814, 1774303583.8952343 
13, 0.12691923541803982, 0.2952269104525016, 2.321739383221433, 1774303584.0209653 
13, 0.12698685408203278, 0.29563757215888364, 2.3240643128838867, 1774303584.154153 
13, 0.12704301886760655, 0.2959786721647149, 2.3259954243293803, 1774303584.2617016 
13, 0.1276418958122607, 0.29691809470105357, 2.3376695124643385, 1774303584.4157705 
13, 0.12756595681969568, 0.29701182166266565, 2.3368927718455117, 1774303584.5222661 
13, 0.12786083778454907, 0.29708180552779445, 2.336312796673234, 1774303584.6307006 
13, 0.12808974797026978, 0.2971361326003203, 2.3358625735655285, 1774303584.7644398 
13, 0.12850414197071802, 0.2978798606230342, 2.3459782214755713, 1774303584.8738117 
13, 0.12882651268289003, 0.29845843109481995, 2.353847516439578, 1774303584.984823 
13, 0.12942317712986645, 0.2989193729443778, 2.3601169123944556, 1774303585.131561 
13, 0.1295836294670469, 0.2993282523611979, 2.365678192986147, 1774303585.2530956 
13, 0.12971030372029524, 0.2996510553549371, 2.370068724644559, 1774303585.379981 
13, 0.12981257233369012, 0.29991166565042227, 2.373613356432455, 1774303585.49001 
13, 0.12989169946222093, 0.30011330468377545, 2.3763559039821347, 1774303585.621609 
13, 0.12995775170198298, 0.3002816250818959, 2.3786452756764422, 1774303585.7307339 
13, 0.13035633350355189, 0.30041234460495053, 2.380423227602154, 1774303585.8390386 
13, 0.13067166866104366, 0.30051576242590333, 2.381829841622915, 1774303585.9868553 
13, 0.13071871476214925, 0.29989315848083814, 2.3723310730989544, 1774303586.0962765 
13, 0.1313322704488013, 0.3000996678327674, 2.37533533508004, 1774303586.2097936 
13, 0.13181952538699715, 0.3002636671301421, 2.3777211682126533, 1774303586.3323708 
13, 0.1322199181483294, 0.30039843052889903, 2.3796816825987817, 1774303586.4521248 
13, 0.1325448282124892, 0.3011276868175705, 2.3812725976114897, 1774303586.5648189 
13, 0.13280405182080582, 0.30170951073560104, 2.382541880331881, 1774303586.7062898 
13, 0.13290788757926822, 0.30363698019258906, 2.394801202324621, 1774303586.8222282 
13, 0.13204032315440548, 0.30376177004801275, 2.3935328614939637, 1774303586.9502409 
13, 0.13096869894518673, 0.3038640413971601, 2.392493394563823, 1774303587.0602431 
13, 0.13069839127311356, 0.3059324917658679, 2.402322097585023, 1774303587.1729383 
13, 0.1301324301047438, 0.3075844476931091, 2.410171734423594, 1774303587.2900305 
13, 0.13010811287170118, 0.3118228774595616, 2.4390209681286628, 1774303587.4268346 
13, 0.13008720402822438, 0.3161548722188893, 2.4638265909932398, 1774303587.5538588 
13, 0.13007022368192778, 0.3196729420370531, 2.4839715629908894, 1774303587.676484 
13, 0.13005663973576093, 0.32248732934025687, 2.500087148054284, 1774303587.78749 
13, 0.13105435404209373, 0.32628957703763223, 2.5249970577847725, 1774303587.9019852 
13, 0.13085958354104335, 0.32841178886116934, 2.532808494972935, 1774303588.0135896 
13, 0.1307033680580001, 0.33011390670420043, 2.539073650255845, 1774303588.126095 
112, 0.8, -4.693333333333333, 14.67018758040883, 1774303588.126286 
13, 0.13117710506829233, 0.333054508560004, 2.5560125732718157, 1774303588.2404456 
113, 0.71, -4.0, 12.836414132857726, 1774303588.2406316 
13, 0.13156500353844378, 0.335462289536388, 2.569882256621771, 1774303588.3507102 
114, 0.5018181818181819, -2.8961616161616166, 9.33557391480562, 1774303588.3508773 
115, 1.1039999999999999, -6.5137777777777774, 20.53826261257236, 1774303588.3509433 
116, 1.0533333333333332, -5.475555555555555, 17.1152188438103, 1774303588.3510065 
13, 0.1312866163490557, 0.33587417503552414, 2.569419862762641, 1774303588.4622662 
114, 0.5185454545454546, -2.992700336700337, 9.780125053605886, 1774303588.462443 
117, 0.88, -4.632380952380953, 14.67018758040883, 1774303588.4625013 
13, 0.13227050306470162, 0.339359781638046, 2.59297140249058, 1774303588.5770824 
118, 0.32941176470588235, -1.8572549019607845, 6.040665474285989, 1774303588.5772805 
119, 1.0533333333333332, -5.428148148148148, 17.1152188438103, 1774303588.5773468 
13, 0.1330845725461528, 0.3422437782550701, 2.6124579850704794, 1774303588.6962276 
118, 0.3206604747162023, -1.7945831900011469, 5.737875224948345, 1774303588.6964324 
13, 0.13376381975946536, 0.3453267053512685, 2.628717293662649, 1774303588.8061185 
118, 0.3139228360040406, -1.7336484496518387, 5.531798166231955, 1774303588.8077872 
13, 0.13368706159978733, 0.3455249885541284, 2.629500643439425, 1774303588.9401476 
118, 0.30967721306966983, -1.6969358327365707, 5.422670558874873, 1774303588.940349 
13, 0.13400695120468337, 0.34569717847311277, 2.6301809074892994, 1774303589.071956 
118, 0.31399151403123227, -1.707992820562591, 5.492330469969829, 1774303589.0736902 
120, 1.28, -6.5137777777777774, 20.53826261257236, 1774303589.0738673 
13, 0.1338763275484013, 0.34584097857577123, 2.6307490129903868, 1774303589.1843834 
118, 0.31255119056771574, -1.6963095071721372, 5.472132063120636, 1774303589.1860461 
121, 0.81, -4.053333333333334, 12.836414132857726, 1774303589.1862621 
13, 0.1341601901966461, 0.34595347962798795, 2.6311934665440413, 1774303589.324022 
118, 0.3055427117205714, -1.658467217189116, 5.348874210786146, 1774303589.324283 
13, 0.1344024814387845, 0.34604950501157405, 2.6315728303111787, 1774303589.4460096 
118, 0.2987561459555037, -1.6122832640029363, 5.204462304030648, 1774303589.4462926 
13, 0.1345941811351236, 0.3461254798454634, 2.6318729811475046, 1774303589.5725057 
118, 0.2961355244711126, -1.590422842859145, 5.140243266390578, 1774303589.5727174 
13, 0.13515007248001182, 0.34618676048343605, 2.6321150801926287, 1774303589.7246928 
118, 0.2940586937496642, -1.5730985575758112, 5.089854070440596, 1774303589.7248957 
13, 0.1356290653318245, 0.3462395639455035, 2.6323236887869372, 1774303589.8375924 
118, 0.29446992204644856, -1.5742780541221937, 5.099384222680221, 1774303589.8378642 
13, 0.1359878694918953, 0.3462791179843252, 2.632479953397528, 1774303589.955065 
118, 0.2947760515393063, -1.5751561033284254, 5.106452734917383, 1774303589.955327 
13, 0.13587111794021056, 0.34631001188048244, 2.632602004717607, 1774303590.0834017 
118, 0.2957921166102607, -1.5772220334355542, 5.111936075669802, 1774303590.0850055 
13, 0.13617697064629464, 0.3463351744117657, 2.632701413356259, 1774303590.193975 
118, 0.3051846902311506, -1.6306739714212675, 5.294995482087429, 1774303590.1942027 
122, 0.4106666666666667, -2.161777777777778, 6.846087537524121, 1774303590.1942966 
13, 0.136414157330476, 0.3463546877828818, 2.6327785040764384, 1774303590.3063993 
118, 0.3007927203094344, -1.605402258202776, 5.218507426620587, 1774303590.3066323 
13, 0.13660272275235752, 0.34637020107811395, 2.6328397918516098, 1774303590.4179778 
118, 0.29628005206434277, -1.5739526498762704, 5.116690704417938, 1774303590.4182065 
13, 0.1367540306753368, 0.34638264919536005, 2.632888970146722, 1774303590.5528386 
118, 0.2904774124386074, -1.5362676321642734, 4.998170900658171, 1774303590.5530436 
13, 0.13688429953774117, 0.3463933664270872, 2.6329313102993925, 1774303590.667834 
118, 0.2888391016768845, -1.5312982089099267, 4.977503128637536, 1774303590.669547 
13, 0.13766572430279292, 0.34881260560645055, 2.645954955967314, 1774303590.7798266 
118, 0.28825101606768533, -1.526065134654269, 4.961043056085282, 1774303590.7800348 
13, 0.13762349680318187, 0.34837644190446465, 2.643594982092287, 1774303590.8937292 
118, 0.281841728141668, -1.4885129423133132, 4.835795129286742, 1774303590.8939426 
13, 0.13758933318102884, 0.3480235692018714, 2.641685675206962, 1774303591.036396 
118, 0.28084476932149816, -1.4788016874418366, 4.805215965816745, 1774303591.036674 
13, 0.13755932032222848, 0.3477135693268582, 2.640008342584, 1774303591.1515975 
118, 0.28067956286826806, -1.470265285890016, 4.77833803955714, 1774303591.151799 
13, 0.13822500001246363, 0.34992112632811023, 2.6518981619421935, 1774303591.2844882 
118, 0.28359805381803277, -1.4909153787051477, 4.846201176183102, 1774303591.284706 
13, 0.13877877171262853, 0.3517575690072649, 2.661789173456026, 1774303591.3961062 
118, 0.27982863831125365, -1.4665671360174268, 4.771524150208162, 1774303591.3963141 
123, 0.78, -4.053333333333334, 12.836414132857726, 1774303591.3963966 
13, 0.13852481561934787, 0.3507517061176711, 2.656365657049989, 1774303591.5246062 
118, 0.2791734455176455, -1.459404404639455, 4.751908246249896, 1774303591.5248725 
13, 0.13901184943173703, 0.3523983662306598, 2.665235658267073, 1774303591.6392486 
118, 0.27863204360898924, -1.454731289869199, 4.735699324485392, 1774303591.6394715 
13, 0.1393962849013606, 0.3536981416009607, 2.6722371086729977, 1774303591.7518635 
118, 0.28068367588027776, -1.4639161344132359, 4.764776253693907, 1774303591.7521842 
13, 0.13970208053408595, 0.3547320358775507, 2.677806347533739, 1774303591.8857868 
118, 0.27988594990219073, -1.4597982860596888, 4.746866392399216, 1774303591.8859887 
13, 0.13955678034277968, 0.3556111408194194, 2.6825417885897362, 1774303591.9974005 
118, 0.2802745422384235, -1.4682087111164337, 4.774429688323273, 1774303591.9976082 
13, 0.1394428668080003, 0.35630034811137123, 2.686254315218769, 1774303592.1088717 
118, 0.2805792317405482, -1.4735374171952147, 4.796041619271656, 1774303592.1090918 
13, 0.14003987574185406, 0.3586278223580159, 2.7025880159901834, 1774303592.2396874 
118, 0.27847536256336614, -1.460588375557314, 4.772554164191827, 1774303592.2399485 
13, 0.14054565765945043, 0.3605996427460714, 2.716425816447011, 1774303592.365295 
118, 0.27669272483567287, -1.4496164717851838, 4.7526529344345665, 1774303592.3655028 
13, 0.1409593168230573, 0.36221231718959884, 2.727743209900562, 1774303592.4795005 
118, 0.2723246139496837, -1.428949011954718, 4.697463358503776, 1774303592.4797175 
13, 0.14088076012775308, 0.36348728349171416, 2.7366906421234583, 1774303592.5940142 
118, 0.2688709808543826, -1.4114484381689134, 4.653827910454753, 1774303592.5942354 
13, 0.14153988207602144, 0.36713507964922437, 2.758116931210503, 1774303592.725402 
118, 0.266104470906142, -1.3939987138655328, 4.618874032022017, 1774303592.7275343 
13, 0.14134858317079163, 0.3682296041089529, 2.7614331698736043, 1774303592.8491116 
118, 0.2637586680864054, -1.3768229798409626, 4.589235645225607, 1774303592.849309 
13, 0.14119359028494305, 0.36911640220349184, 2.764120029999329, 1774303592.9647315 
118, 0.26253913914310145, -1.363015973401688, 4.565410325604108, 1774303592.964994 
13, 0.14147769090579226, 0.36981981431299643, 2.7662512591490285, 1774303593.095252 
118, 0.25955354434892436, -1.3395981376650483, 4.5115001170442035, 1774303593.095441 
13, 0.14247986012422234, 0.37240589465300594, 2.782915893998472, 1774303593.2051523 
118, 0.2551622449187883, -1.3105292994042026, 4.4335599167289494, 1774303593.2064285 
13, 0.1436756197820443, 0.37515872275030737, 2.795905300652589, 1774303593.3439007 
124, 0.19612903225806452, -0.9405017921146955, 3.3126230020278005, 1774303593.3459878 
13, 0.1459833484420062, 0.3796873127020989, 2.823027991360173, 1774303593.4805932 
124, 0.20408602150537636, -0.9690117767537124, 3.48163437968228, 1774303593.4808023 
13, 0.14788691918332933, 0.38342280010200075, 2.845400621796615, 1774303593.6020796 
124, 0.21240294536702, -1.0054751223439018, 3.6439058938562203, 1774303593.6023674 
13, 0.14937498119623668, 0.3863429105968828, 2.8628897861121705, 1774303593.7219663 
124, 0.2207185773777361, -1.0392276610731062, 3.774272461745644, 1774303593.7222185 
13, 0.15099137626177242, 0.3886454600063211, 2.8766802454242173, 1774303593.8390968 
124, 0.2280052506762408, -1.0705130249384418, 3.8977981448757033, 1774303593.8411214 
13, 0.1522705778986673, 0.39046767849509667, 2.887593900446825, 1774303593.953755 
124, 0.23119621810307847, -1.084638933218415, 3.9446266438915627, 1774303593.9552968 
13, 0.1528605008409295, 0.39191625120687984, 2.8962697112504943, 1774303594.0704148 
124, 0.2402040319725383, -1.1236001179546333, 4.0948758038004565, 1774303594.0706203 
13, 0.15376050626160248, 0.3930855259573058, 2.9032727470178292, 1774303594.1882691 
124, 0.24338317349903452, -1.1309154850332368, 4.131386324347834, 1774303594.1884944 
13, 0.15449221414455622, 0.3940361508453044, 2.9089662421433746, 1774303594.3029494 
124, 0.24965438547738283, -1.1555760573954312, 4.23527081211461, 1774303594.3031278 
13, 0.1577940059081704, 0.40327869126418503, 2.9639974849384076, 1774303594.413086 
124, 0.24904676349133179, -1.1469421398615998, 4.211147064426813, 1774303594.4133065 
13, 0.15736785952971666, 0.4023677398137939, 2.9586000273732296, 1774303594.5248284 
124, 0.2423640590554126, -1.1085900002372924, 4.087873270040277, 1774303594.525065 
13, 0.16007230905093478, 0.4098877812723219, 3.003370566462933, 1774303594.6589055 
124, 0.23884781974042865, -1.0827213425606175, 4.011669933359507, 1774303594.6591864 
13, 0.1605027581767637, 0.4106861309972893, 3.006572026031814, 1774303594.7884007 
124, 0.24028101806928107, -1.0812939963879753, 4.029950266904229, 1774303594.7886088 
13, 0.16281737219792747, 0.41719908345643614, 3.045646196008481, 1774303594.9035387 
124, 0.2434526820578429, -1.087639023947998, 4.078229708193664, 1774303594.9037461 
13, 0.16185405204768985, 0.4136167822601344, 3.0245775955331666, 1774303595.0487053 
124, 0.2422173512828356, -1.0774619938609928, 4.05386937453812, 1774303595.0489664 
13, 0.16195446492239401, 0.41371759278370185, 3.0237232204644795, 1774303595.1548133 
124, 0.24306044256040593, -1.0781527488113936, 4.064720360850144, 1774303595.1550126 
13, 0.1615824991117857, 0.410768576914685, 3.0066546021697955, 1774303595.2738807 
124, 0.24078428528088242, -1.0634226722048703, 4.014907771863174, 1774303595.2741497 
13, 0.16217241062934715, 0.41140111378211647, 3.009237983310198, 1774303595.4104643 
124, 0.24184572685343506, -1.0656487370889667, 4.0324451292219985, 1774303595.4106688 
13, 0.162670694947457, 0.41193540272594037, 3.011420104309097, 1774303595.5213037 
124, 0.24337129393853837, -1.0686470676247228, 4.04724522965443, 1774303595.5215251 
13, 0.16216507163185517, 0.4093391856625357, 2.9967698197954684, 1774303595.6314197 
124, 0.24455081506348306, -1.0698879870212563, 4.0586865205401175, 1774303595.6316466 
13, 0.16306620341628417, 0.40944883227153384, 3.0011086776289297, 1774303595.7456613 
124, 0.24665943607752808, -1.071914046778362, 4.067705799630942, 1774303595.7458944 
13, 0.16334095839428261, 0.40739959267003384, 2.9888659008906853, 1774303595.8593376 
124, 0.24436186539640534, -1.0598973744890572, 4.019447127159347, 1774303595.8595436 
13, 0.1639780947592797, 0.40573664338250015, 2.9789309392398393, 1774303595.970333 
124, 0.2435714723485088, -1.051101787935392, 3.9802927940062935, 1774303595.9705951 
13, 0.16408435521287681, 0.4043908818825462, 2.970890953298322, 1774303596.100291 
124, 0.2440340232726495, -1.0480109846294903, 3.974806739682567, 1774303596.100496 
13, 0.16417535594342086, 0.40399756989808666, 2.964005563960384, 1774303596.2152262 
124, 0.2504283104074529, -1.071712612392981, 4.0663573014939915, 1774303596.2154217 
13, 0.16424848938093445, 0.4029311719738055, 2.9584720678236804, 1774303596.3457372 
124, 0.2458652379763323, -1.0539000458442052, 3.9927217720972643, 1774303596.3460193 
13, 0.16523349861404532, 0.40426723885974203, 2.9702733618882298, 1774303596.4682927 
124, 0.247799041474601, -1.0590497591746368, 4.014651815556346, 1774303596.4684894 
13, 0.16510715688599112, 0.40311367836169854, 2.9633585355375316, 1774303596.5881028 
124, 0.24748511952498312, -1.0563281339214292, 4.002251678977379, 1774303596.5883207 
13, 0.16543887743220378, 0.4021864729274204, 2.9578005569310073, 1774303596.709175 
124, 0.24240590579483934, -1.034582587736184, 3.9148338559072138, 1774303596.709458 
13, 0.16482990180239793, 0.399341761732501, 2.9378720109621446, 1774303596.8551836 
124, 0.24086834869193285, -1.0223839395018983, 3.8680099681162012, 1774303596.8553941 
13, 0.16728323905895526, 0.4048638653910087, 2.973032920472806, 1774303596.968096 
124, 0.24193638596910708, -1.0247001022258124, 3.884510159110102, 1774303596.9683053 
13, 0.1667577763103576, 0.4035769258756083, 2.9654768495496193, 1774303597.1053433 
124, 0.2409871175216609, -1.0200738269588998, 3.8687912285254535, 1774303597.105553 
13, 0.16632011684004336, 0.4025050301643713, 2.9591833758319783, 1774303597.2323618 
124, 0.24399223657987604, -1.0322471389058914, 3.9166039756205375, 1774303597.233935 
13, 0.16642703323435473, 0.40165236685175226, 2.954177092019375, 1774303597.3662608 
124, 0.2414825975261966, -1.0188301251353316, 3.866853869866112, 1774303597.368366 
13, 0.1670294618561449, 0.40416831900591066, 2.9675297351283594, 1774303597.4802744 
124, 0.24442283528670436, -1.0290946438035056, 3.915623303751428, 1774303597.48048 
13, 0.1670351606785522, 0.4060993892528309, 2.9777782972017226, 1774303597.607253 
124, 0.24873157238441967, -1.044407687723673, 3.985973302795153, 1774303597.607429 
13, 0.1670397783873349, 0.4076641195430304, 2.9860826225015176, 1774303597.7263124 
124, 0.2448027356622067, -1.0230088322683595, 3.923917915831603, 1774303597.7265744 
13, 0.16801557132146802, 0.4113131981662849, 3.0102353918512437, 1774303597.8500915 
124, 0.24113969143639946, -1.0050691999934414, 3.874720706513879, 1774303597.850331 
13, 0.16737930956744343, 0.41265648168608837, 3.0121765273136436, 1774303597.9558167 
124, 0.23348284260862523, -0.9715063203828879, 3.766716552026248, 1774303597.9560034 
13, 0.16780619947868153, 0.4160308338729378, 3.030536856493136, 1774303598.0957665 
124, 0.2275561066424758, -0.9429932940127665, 3.68311661400049, 1774303598.0960293 
13, 0.1681757713815243, 0.41810972475342506, 3.046431965777882, 1774303598.209079 
124, 0.22242256492809157, -0.9173995885271976, 3.61070512791998, 1774303598.2092862 
13, 0.1684642122128496, 0.4205494352117525, 3.0588376668088086, 1774303598.3191872 
124, 0.22196329620907027, -0.9119945435067522, 3.6214811635656328, 1774303598.319385 
13, 0.1686914460930468, 0.42247144074562976, 3.0686108863938144, 1774303598.4450078 
124, 0.22835921703690695, -0.9306715442698789, 3.742627592803855, 1774303598.4452837 
13, 0.16893770882281536, 0.42660664055920433, 3.0950508385689717, 1774303598.5876164 
124, 0.23305973175599837, -0.9439990689826834, 3.843544414997703, 1774303598.5878682 
13, 0.16914962706267256, 0.4301651338268379, 3.1178034009730893, 1774303598.701041 
124, 0.231488823842849, -0.9311660995767908, 3.835532333316803, 1774303598.701243 
13, 0.16931315577603867, 0.4329110788005703, 3.135360630866253, 1774303598.832316 
124, 0.22676021308928282, -0.9086565150051422, 3.778914888690913, 1774303598.8325486 
13, 0.1694478751625587, 0.43517326269882395, 3.149824752741306, 1774303598.9442577 
124, 0.2244873357267415, -0.8901097463066987, 3.7322649541000654, 1774303598.944469 
13, 0.17059141554304424, 0.439645899151358, 3.1806674467954656, 1774303599.077901 
124, 0.2225546900158978, -0.8802558601595175, 3.7200044443354687, 1774303599.078277 
13, 0.17104341465345183, 0.44338721491804023, 3.2064670526378785, 1774303599.1914163 
124, 0.2259669497616927, -0.8905681376354607, 3.7958274555026508, 1774303599.19162 
13, 0.17037108049033634, 0.44358781563750826, 3.206967303422889, 1774303599.323627 
124, 0.22525650948329684, -0.8835040443321173, 3.797260678075876, 1774303599.323834 
13, 0.1708647583919904, 0.4465500145455728, 3.227566391181836, 1774303599.4348586 
124, 0.22466497498342508, -0.8776222622509043, 3.7984540234189934, 1774303599.4350677 
13, 0.17173483980115523, 0.4488539783180164, 3.243588121462268, 1774303599.5466807 
124, 0.22581475470025653, -0.8781989171167431, 3.826935846571244, 1774303599.5468729 
13, 0.17095453593801138, 0.4480414856434946, 3.2372340540849445, 1774303599.678611 
124, 0.22729449995213033, -0.8776489011791072, 3.8495482446559137, 1774303599.6788688 
13, 0.17132722158396468, 0.4500954798807912, 3.2516521404191807, 1774303599.7960927 
124, 0.22795912798469187, -0.8771831041066311, 3.868698214880053, 1774303599.7962928 
13, 0.17107671763498414, 0.4490288857945157, 3.2436213833419996, 1774303599.9443448 
124, 0.23211896887340908, -0.8894581349091981, 3.946098862641049, 1774303599.9446 
13, 0.17144746857673032, 0.4510084771243991, 3.2576275703984843, 1774303600.0714087 
124, 0.23574896683779145, -0.9001696832635848, 4.013640915647118, 1774303600.071592 
13, 0.1722584111871776, 0.4516483811166236, 3.2686765527763226, 1774303600.1831017 
124, 0.23303160473448745, -0.8886444655830782, 3.971402393384026, 1774303600.1833482 
13, 0.17238251407586855, 0.45302121527241646, 3.277134613646529, 1774303600.3023787 
124, 0.23772031131306923, -0.9092224997474577, 4.066378225386869, 1774303600.3025918 
13, 0.17145299208461146, 0.4513883890327596, 3.26418301036019, 1774303600.419556 
124, 0.23476990921309204, -0.8975799852668519, 4.016311103335067, 1774303600.4198124 
13, 0.1707097196707582, 0.4500827343930976, 3.253826537325176, 1774303600.5556388 
124, 0.2309179765918289, -0.881618503769549, 3.9507280410964003, 1774303600.5558305 
13, 0.17008102473713355, 0.448978349995507, 3.2450665430001084, 1774303600.680415 
124, 0.2367839518597114, -0.9027218662143733, 4.051416064837048, 1774303600.6805837 
13, 0.17006520688547352, 0.4480932296238229, 3.2380457543599666, 1774303600.8153055 
124, 0.23936367250386362, -0.9104321804295714, 4.0958014346847555, 1774303600.815537 
13, 0.17114827682605735, 0.4502295486001667, 3.2529520807116628, 1774303600.9262242 
124, 0.24013052845321176, -0.9103902112023399, 4.098170387079366, 1774303600.9264083 
13, 0.17309823711384295, 0.45479465609092984, 3.2855166557578346, 1774303601.0441856 
124, 0.24265810787967076, -0.9176186892019997, 4.13275149350943, 1774303601.04464 
13, 0.17354936057609308, 0.45554854234760217, 3.290642466979147, 1774303601.1743984 
124, 0.24040850498635088, -0.9106298944413717, 4.098108195725406, 1774303601.1745892 
13, 0.17557183490080697, 0.460051179630168, 3.316265610458968, 1774303601.3142426 
124, 0.23973417935745792, -0.9037779199148067, 4.0693890681616995, 1774303601.314494 
13, 0.17726929003339476, 0.4638302262524551, 3.3377710188992, 1774303601.4253066 
124, 0.2410766698197462, -0.9050757967776484, 4.07709529448813, 1774303601.4255111 
13, 0.17978648623468693, 0.4698934731585876, 3.376910365232442, 1774303601.5420163 
124, 0.23744739140378818, -0.8941019938372788, 4.024408421925224, 1774303601.5423172 
13, 0.18058375384265504, 0.4715815409135052, 3.385639580402516, 1774303601.6673217 
124, 0.238536051226145, -0.897152687218619, 4.040162058948162, 1774303601.66754 
13, 0.18244957012199847, 0.47612019974158887, 3.4153517643945213, 1774303601.791698 
124, 0.24003906728904267, -0.9007379359576234, 4.053061335602893, 1774303601.7919693 
13, 0.18527004135138464, 0.4841775791326524, 3.463762246633283, 1774303601.9088967 
124, 0.24003156760580485, -0.9025586187964998, 4.06354111598814, 1774303601.9090939 
13, 0.18570797552649715, 0.486285429414074, 3.4783812283610342, 1774303602.0200925 
124, 0.24191610757814141, -0.9111773551219046, 4.104236867662755, 1774303602.0217667 
13, 0.18281059385764864, 0.4785677383180397, 3.4287121760740953, 1774303602.155581 
124, 0.24341239222778469, -0.9158267349173241, 4.136548428802487, 1774303602.1557784 
13, 0.18426650087531463, 0.48180602265344835, 3.450425964235927, 1774303602.2681565 
124, 0.24337142616959748, -0.9147457405910571, 4.130975007445625, 1774303602.269945 
13, 0.1826169213004175, 0.4774814626616523, 3.424543403521073, 1774303602.3828013 
124, 0.2446195821674971, -0.9188036957484986, 4.158811241275236, 1774303602.3830006 
13, 0.18081821454223776, 0.47401872312583343, 3.4038188520185892, 1774303602.4942708 
124, 0.2363753283852, -0.8856844443801641, 4.022865240136377, 1774303602.4944656 
13, 0.18154779866770548, 0.47700352335776014, 3.4287961772609483, 1774303602.6067426 
124, 0.23824523170737252, -0.8905735690362395, 4.069368625183602, 1774303602.6069415 
13, 0.17998940929270338, 0.47289148413860205, 3.4078532058904303, 1774303602.746076 
124, 0.2379849568053613, -0.8869404673838619, 4.07626325500356, 1774303602.746305 
13, 0.1797346734521569, 0.47311922915513405, 3.4107786282101697, 1774303602.8545501 
124, 0.23541158749376223, -0.8762602626839954, 4.0518958498962725, 1774303602.8547444 
13, 0.1806798625242519, 0.4763303337756704, 3.4349610975603206, 1774303602.9749553 
124, 0.2339796108465291, -0.8669334857653761, 4.032931526379988, 1774303602.9771278 
13, 0.1798076101309753, 0.476793401765641, 3.4327398958664936, 1774303603.0973415 
124, 0.22839079206534793, -0.8377507112204774, 3.9408163906902716, 1774303603.0975645 
13, 0.17899533951019528, 0.47340960589734726, 3.4101743755515352, 1774303603.2061045 
124, 0.22487751640142967, -0.8140034408644817, 3.8658583695556663, 1774303603.206339 
13, 0.17893533265105582, 0.4743964522903976, 3.4125239821004163, 1774303603.3437943 
124, 0.22082741306306758, -0.7900544468376688, 3.785112026468095, 1774303603.3440015 
13, 0.18007365518794677, 0.47749231750287424, 3.4373596309300507, 1774303603.4553382 
124, 0.22011618912701691, -0.7777575261589157, 3.7624186171989575, 1774303603.4555407 
13, 0.18096422171889123, 0.4799143673641353, 3.4567897984837677, 1774303603.5738924 
124, 0.21514205825464208, -0.7541133797728793, 3.678206071007336, 1774303603.5761044 
13, 0.1816853567548626, 0.48187561894179404, 3.4725233502072075, 1774303603.6994905 
124, 0.2093471194499844, -0.7266505559244537, 3.5719927554421376, 1774303603.6997058 
13, 0.18487721197039556, 0.49138317968288625, 3.535259799306145, 1774303603.8371847 
124, 0.2088834352074535, -0.7181425528373346, 3.5661435522721017, 1774303603.8375783 
125, 1.216, -4.437333333333333, 20.53826261257236, 1774303603.8377247 
13, 0.18486739841589345, 0.4911929976541553, 3.5364107036989165, 1774303603.9472504 
124, 0.20995085687777668, -0.7147459933999635, 3.5861795637428218, 1774303603.9474454 
13, 0.18369118574118593, 0.4888449883974583, 3.514906205333526, 1774303604.0579512 
124, 0.2107722933673923, -0.71116964683319, 3.601598316599342, 1774303604.058167 
13, 0.18390101166469816, 0.4891360686703977, 3.519738912297853, 1774303604.175586 
124, 0.20759411772589548, -0.6950744182098944, 3.5482762483451817, 1774303604.1757796 
13, 0.18528941127023968, 0.4944773612894509, 3.547000940293478, 1774303604.288477 
124, 0.2061941254601693, -0.6857952943266703, 3.525189365949846, 1774303604.2886937 
13, 0.1857077068278878, 0.4946318565215988, 3.545922566991708, 1774303604.4006734 
124, 0.20389169510379415, -0.6745336821959034, 3.4864870588979224, 1774303604.4008875 
13, 0.1860463082103715, 0.49387292790511245, 3.545049646674634, 1774303604.532872 
124, 0.20202766212142334, -0.6645895536716832, 3.455153917098921, 1774303604.5331454 
13, 0.18515668867876428, 0.491030563609995, 3.522019858739477, 1774303604.6480086 
124, 0.2009141902433619, -0.6569167241124456, 3.4282486578501765, 1774303604.6482325 
13, 0.185608623748905, 0.4918295324831316, 3.5255653510540697, 1774303604.7645297 
124, 0.20124015286759855, -0.653770194029729, 3.427280542511527, 1774303604.764732 
13, 0.1885425298153911, 0.500231232754072, 3.5769163971992164, 1774303604.882674 
124, 0.20029553402755718, -0.6482575755661062, 3.4060899502387283, 1774303604.8832982 
13, 0.1909338139978699, 0.5070790501376361, 3.618770138122728, 1774303605.001517 
124, 0.1995247411479056, -0.6429106382542109, 3.3887987879761194, 1774303605.0017192 
13, 0.19288646334978957, 0.5126707678740952, 3.6529466198175937, 1774303605.1454384 
124, 0.2001061526331651, -0.6423720263423979, 3.3951358017030673, 1774303605.1457074 
13, 0.1918357056679, 0.5092321617478138, 3.6307693982980505, 1774303605.271904 
124, 0.20061373433071253, -0.6419018093696539, 3.400668117913625, 1774303605.2723377 
13, 0.1937414996248122, 0.5147745805994669, 3.6648738595068022, 1774303605.4065452 
124, 0.2002373961091819, -0.6374453843602625, 3.3832659372701364, 1774303605.4067457 
13, 0.19589551262671295, 0.5193046867057822, 3.6927492027656905, 1774303605.5253677 
124, 0.2007261179638172, -0.6379593232006631, 3.391268461122495, 1774303605.5255601 
13, 0.1961398547034466, 0.5190677680506889, 3.6878123275774217, 1774303605.6467383 
124, 0.20033122150217528, -0.6343158509860527, 3.3758666613491317, 1774303605.6469197 
13, 0.19555200073997853, 0.515420718670109, 3.6594046282084585, 1774303605.791818 
124, 0.20001735018034839, -0.6314199490190296, 3.363625013922668, 1774303605.7935803 
13, 0.19448820462677419, 0.5123173170208374, 3.6352315250025913, 1774303605.929657 
124, 0.2011078978932493, -0.633180104140781, 3.375814478284897, 1774303605.9299204 
13, 0.19503815022459065, 0.5145665442505117, 3.6419260718106674, 1774303606.0520086 
124, 0.2006116518923298, -0.6303193443580516, 3.362738734112861, 1774303606.0523767 
13, 0.1954618789495677, 0.5152769561994076, 3.647084167074177, 1774303606.1944866 
124, 0.2002289364948411, -0.628113065989383, 3.352654444024903, 1774303606.1946986 
13, 0.19581109841008976, 0.5158624479608058, 3.6513352530616605, 1774303606.309173 
124, 0.19991354054243787, -0.6262948708712379, 3.344343975469229, 1774303606.3093941 
13, 0.19607506405431002, 0.5163050055140193, 3.6545485351898797, 1774303606.4488885 
124, 0.1996750355533683, -0.6249199369081504, 3.338059531433308, 1774303606.4491465 
13, 0.1949043242988386, 0.5130207112798754, 3.631365826075525, 1774303606.5742645 
124, 0.19820938704175078, -0.6198295275063619, 3.3117176178012677, 1774303606.5745182 
13, 0.19592823664684236, 0.5150610089559888, 3.63863595971687, 1774303606.7224286 
124, 0.1970623095394068, -0.6158455613260477, 3.29110134025826, 1774303606.7227035 
13, 0.19678577625799737, 0.5167697842034267, 3.6447247890859056, 1774303606.8421674 
124, 0.19610148002847447, -0.6125084613752771, 3.2738324740932323, 1774303606.842604 
13, 0.19743604335246276, 0.5180655381263843, 3.6493419115266588, 1774303606.9621654 
124, 0.19587856244475976, -0.6099769983312968, 3.260732627773641, 1774303606.9623754 
13, 0.1965820256117012, 0.514549870525416, 3.6280018611067915, 1774303607.0865934 
124, 0.1969449780882226, -0.6118249508329401, 3.2709578974567592, 1774303607.0868554 
13, 0.19725146356032106, 0.5162390942223029, 3.635747076087519, 1774303607.2185092 
124, 0.1977959912144771, -0.6132996402237358, 3.2791177915591843, 1774303607.2187219 
13, 0.19697530933134685, 0.5130571250179206, 3.61693112591521, 1774303607.3356411 
124, 0.19773717034058466, -0.6097734458113523, 3.265204203387168, 1774303607.335855 
13, 0.19756057271363045, 0.5150148093350402, 3.626725038588091, 1774303607.4521394 
124, 0.2002386913072639, -0.6147042872830505, 3.2957420505081223, 1774303607.4525352 
13, 0.19723825506732784, 0.5131397901578959, 3.610472507860376, 1774303607.5697072 
124, 0.2004383279171982, -0.6147161971257229, 3.298946648944053, 1774303607.5699668 
13, 0.19697979973903668, 0.5116362773886134, 3.5974401678287964, 1774303607.7031088 
124, 0.20185831970711782, -0.6185739390708909, 3.322250607296734, 1774303607.703334 
13, 0.19622653221410202, 0.5103727491963571, 3.5864879967682013, 1774303607.8195758 
124, 0.19937767962166994, -0.608920397657216, 3.281372435404532, 1774303607.8198075 
13, 0.1964009041703091, 0.5128088766564021, 3.601913091324663, 1774303607.960357 
124, 0.19591437670688863, -0.5973235672348418, 3.2317021334920546, 1774303607.9606392 
13, 0.19519064676080425, 0.5102950679924447, 3.5897560474029078, 1774303608.0779474 
124, 0.1929688762356603, -0.5866245816710534, 3.1894580961412258, 1774303608.0781622 
13, 0.19424857696739686, 0.508338308058466, 3.580292949911525, 1774303608.1942186 
124, 0.19011463224899094, -0.5744880833651368, 3.139807165558866, 1774303608.1944392 
13, 0.19350584580586302, 0.5067955915965039, 3.572832210335043, 1774303608.3124454 
124, 0.18520801147067295, -0.5587969637942753, 3.0704862746963504, 1774303608.3126698 
13, 0.1929101858348099, 0.5055583546382781, 3.566848801868668, 1774303608.4420698 
124, 0.18255167331395927, -0.5465544308161586, 3.0294170781244145, 1774303608.44235 
13, 0.1929474463743443, 0.504531038361031, 3.561880591963477, 1774303608.5712683 
124, 0.17945394225190042, -0.5330727000932914, 2.980444730382565, 1774303608.5714839 
13, 0.19376728621111877, 0.5081742423229332, 3.582529212443737, 1774303608.7089205 
124, 0.18038959839397486, -0.5316499240539483, 3.0061225143943, 1774303608.709146 
13, 0.19591811868591374, 0.5140381720843072, 3.6270183229909154, 1774303608.8390381 
124, 0.18116570131131102, -0.5304697675998882, 3.0274215816328818, 1774303608.83939 
13, 0.19823237567038934, 0.5187205076608233, 3.662542784155982, 1774303608.960462 
124, 0.18227407455786263, -0.5286587444026063, 3.0444344202223697, 1774303608.9606717 
13, 0.20222180678737342, 0.5275355423616693, 3.71916686953456, 1774303609.097951 
124, 0.18429045887152823, -0.5304568678054742, 3.0769044610280867, 1774303609.0981846 
13, 0.20177188678051824, 0.5266524440652331, 3.708713728702308, 1774303609.2128587 
124, 0.18428073202809972, -0.5286393836463937, 3.0839824239679423, 1774303609.2130752 
13, 0.2028703648063178, 0.528724741746631, 3.7271665007741355, 1774303609.3248243 
124, 0.18588274346742237, -0.5304205412854397, 3.108369686799485, 1774303609.3250468 
13, 0.20372632457128606, 0.5303395245594437, 3.7415453322797703, 1774303609.4378748 
124, 0.1883026161377996, -0.5342157431659983, 3.146903214547204, 1774303609.4380913 
13, 0.20440734358423654, 0.531624278635883, 3.7529854233215634, 1774303609.555067 
124, 0.18698428445276727, -0.528248599503466, 3.1234877693263523, 1774303609.5552866 
13, 0.20359428955197117, 0.5300655068782876, 3.73722397006704, 1774303609.6697168 
124, 0.18800179442069817, -0.5283667166954149, 3.1392817116393936, 1774303609.6699402 
13, 0.20293672502383076, 0.5278755819904267, 3.7244767575069595, 1774303609.8074722 
124, 0.18775753660421546, -0.5263186234467153, 3.1342646165777954, 1774303609.8077338 
13, 0.20380165972158898, 0.529695801763713, 3.7397424029254545, 1774303609.9377024 
124, 0.18648417428041245, -0.5199869257572806, 3.1122200781397873, 1774303609.93798 
13, 0.20450970670595728, 0.531185857746787, 3.752239062188883, 1774303610.062158 
124, 0.18298149873621555, -0.5069441688851356, 3.0460808323519726, 1774303610.0624142 
13, 0.20362856762290107, 0.5286281178873043, 3.7356912946034178, 1774303610.2093563 
124, 0.18370154622692206, -0.5081004487571709, 3.058933072726523, 1774303610.2096248 
13, 0.204409254205782, 0.5304163631851503, 3.749675798156285, 1774303610.327024 
124, 0.1843141499663702, -0.5064129564348189, 3.069867532766111, 1774303610.3272417 
13, 0.20500529377912144, 0.5317816549523292, 3.7603527045023064, 1774303610.4434924 
124, 0.18478179512331122, -0.5051247703512112, 3.078214604375379, 1774303610.4437218 
13, 0.20546943275115945, 0.5328448144231006, 3.768666864430017, 1774303610.574143 
124, 0.18408519162354128, -0.49966411750001605, 3.067030947843208, 1774303610.5744417 
13, 0.2058500879530861, 0.5337167454769609, 3.775485572654919, 1774303610.6977265 
124, 0.1835137721629064, -0.49765003851727646, 3.057857064872983, 1774303610.6979394 
13, 0.20615376700467786, 0.534412354506207, 3.7809254007101734, 1774303610.8097005 
124, 0.18412852418381653, -0.49725478577745025, 3.068386172809507, 1774303610.8099115 
13, 0.20639035039287765, 0.5349542738125892, 3.785163338578428, 1774303610.9540992 
124, 0.1835714643165061, -0.49340675690288455, 3.0593183697939157, 1774303610.9554622 
13, 0.20510709130551516, 0.5315687770153287, 3.7615445445163154, 1774303611.0723057 
124, 0.18370662397164494, -0.49472134927852757, 3.0699020636736636, 1774303611.0726311 
13, 0.20497766298835424, 0.5326850658639446, 3.7697162378923226, 1774303611.1856446 
124, 0.18428458369600956, -0.4957388777332037, 3.0780941161134603, 1774303611.185864 
13, 0.2027271010486686, 0.5256042074378612, 3.7263819571964634, 1774303611.3233488 
124, 0.18369577474311377, -0.4929553740789751, 3.0671516517017414, 1774303611.3235734 
13, 0.21078371741230398, 0.548831825098958, 3.872377083412831, 1774303611.455656 
126, 0.73, 1.5822222222222224, 12.836414132857726, 1774303611.45587 
124, 0.18593002077519044, -0.4965438007514502, 3.0952080130010127, 1774303611.4560227 
13, 0.21732719538137366, 0.5676969910171697, 3.9909524069568802, 1774303611.5781896 
124, 0.18774561552052008, -0.49857015844288466, 3.1180071951039254, 1774303611.5783844 
13, 0.22465566815168564, 0.5895713764490155, 4.1242247223298785, 1774303611.6962028 
127, 0.73, 1.5822222222222224, 12.836414132857726, 1774303611.696372 
124, 0.18801043307443133, -0.4979899973926112, 3.1167967363891065, 1774303611.6966457 
13, 0.23041522978860796, 0.6067627988794692, 4.22896552426008, 1774303611.8118482 
128, 0.8342857142857143, 1.8285714285714287, 14.67018758040883, 1774303611.8120048 
124, 0.18935781341543134, -0.5005193573464676, 3.1345907377496425, 1774303611.8120887 
13, 0.22607024372343099, 0.5936418427749746, 4.148594831082302, 1774303611.9262626 
124, 0.1893074201483574, -0.5004085850706024, 3.1302986441019875, 1774303611.9264672 
13, 0.2199467451675425, 0.5753798633867894, 4.035750449178634, 1774303612.0361273 
124, 0.1903645516447673, -0.5023960806637128, 3.1449329808215354, 1774303612.0363314 
13, 0.22689181807621878, 0.5941630420153209, 4.150554457240111, 1774303612.1476223 
129, 0.8342857142857143, 1.8285714285714287, 14.67018758040883, 1774303612.1477768 
124, 0.19120640333047312, -0.5047859953540998, 3.1565871043420035, 1774303612.1478784 
13, 0.23251186505177418, 0.6093626443277343, 4.2434554140438205, 1774303612.2760267 
129, 0.8342857142857143, 1.8285714285714287, 14.67018758040883, 1774303612.2762594 
124, 0.1884751050577989, -0.4987830972243972, 3.1166138580200786, 1774303612.2764387 
13, 0.22698482469857448, 0.5923522459882011, 4.136117715749077, 1774303612.3919353 
124, 0.1847782324394674, -0.4896365282467812, 3.0529982040532273, 1774303612.392162 
13, 0.2225261675961806, 0.5786299771925333, 4.049528517865004, 1774303612.5041864 
124, 0.18512714537048675, -0.4915388732863589, 3.063873316206312, 1774303612.5043929 
13, 0.21894507248958384, 0.5676085533631055, 3.9799819827299494, 1774303612.61445 
124, 0.18584870004967313, -0.49306685942729, 3.0726083355142046, 1774303612.6165612 
13, 0.21687582603958205, 0.5621699246516133, 3.948309286690267, 1774303612.759364 
124, 0.18643288781553832, -0.494303953213377, 3.079680414126488, 1774303612.7596202 
13, 0.21502880233729252, 0.5573153670236083, 3.920038019002141, 1774303612.873352 
124, 0.1838840493873472, -0.4857556011002963, 3.035484010027998, 1774303612.873632 
13, 0.21414527790901916, 0.5535161818356369, 3.897912876058881, 1774303612.9912906 
124, 0.18441092423738173, -0.4876239246245118, 3.04994504275781, 1774303612.9914982 
13, 0.2114872461202301, 0.5468602507852574, 3.854624924816297, 1774303613.1250525 
124, 0.18528920354230943, -0.4899338695985498, 3.061564064146355, 1774303613.1253316 
13, 0.20980801203547428, 0.5412631926406444, 3.818223529093892, 1774303613.2485595 
124, 0.18494699673212572, -0.4873920758035332, 3.0535462741594763, 1774303613.2488658 
13, 0.2065711710337987, 0.5323618853496439, 3.76452141956744, 1774303613.3727872 
130, 0.92, 0.6044444444444445, 12.836414132857726, 1774303613.372957 
124, 0.18641005091833787, -0.4919865705586549, 3.083678486603241, 1774303613.3730643 
13, 0.20449797169700654, 0.5242425425807402, 3.7212648425137385, 1774303613.4843135 
124, 0.1848377005725294, -0.48642271012847094, 3.05471759510082, 1774303613.484539 
13, 0.20472614084845314, 0.5221365242073622, 3.711187857208776, 1774303613.5976841 
131, 1.04, 0.6704761904761906, 14.67018758040883, 1774303613.5978563 
124, 0.18309701361328543, -0.4781800664828994, 3.0168024321382725, 1774303613.5979843 
13, 0.20596232833220454, 0.5223279861272, 3.703138775537563, 1774303613.7188432 
124, 0.18077856759411037, -0.467298770282048, 2.9588169344940947, 1774303613.720685 
132, 0.982857142857143, 2.478730158730159, 14.67018758040883, 1774303613.8456233 
133, 0.78, 2.115555555555556, 12.836414132857726, 1774303613.8458633 
134, 0.445, 1.0044444444444445, 6.418207066428863, 1774303613.846 
135, 0.78, 1.9200000000000002, 12.836414132857726, 1774303613.8461492 
136, 1.2533333333333332, 0.8533333333333334, 17.1152188438103, 1774303613.8462884 
124, 0.1871686224357599, -0.4713302216923545, 3.0055521229275755, 1774303613.846502 
134, 0.4666666666666667, 1.1762962962962964, 6.418207066428863, 1774303614.0112424 
132, 1.020952380952381, 2.7089947089947093, 14.67018758040883, 1774303614.0123596 
136, 1.2444444444444442, 0.8454320987654321, 17.1152188438103, 1774303614.012484 
137, 0.12606060606060604, -0.29952861952861953, 1.5559289858009364, 1774303614.0126617 
138, 1.04, 0.6907936507936508, 14.67018758040883, 1774303614.1255589 
137, 0.14664909969257794, -0.3687034597179525, 1.8780674921779419, 1774303614.1276743 
139, 1.76, -5.489777777777778, 20.53826261257236, 1774303614.127899 
140, 1.4879999999999998, 0.967111111111111, 20.53826261257236, 1774303614.2587616 
141, 1.0933333333333333, -3.539753086419753, 11.410145895873534, 1774303614.2589176 
142, 1.04, 0.6907936507936508, 14.67018758040883, 1774303614.3695624 
143, 0.4864, -1.5075555555555558, 4.107652522514472, 1774303614.5924897 
144, 1.28, -3.697777777777778, 10.26913130628618, 1774303614.7319732 
145, 0.79, -2.4000000000000004, 6.418207066428863, 1774303614.7335582 
146, 1.0514285714285716, 0.6907936507936508, 14.67018758040883, 1774303615.2913492 
